(setq *bspline-av-list* '(#f(34.3214 -13.4658 1.47194 49.4147 -41.4307 12.953 58.2998 20.0081 -19.0944 45.6349 -17.3397 -15.8133 8.49886 1.50145 5.66452 21.9968 -18.5 -7.7932 -5.64655 -96.8796 -93.7529 -101.288 -11.3558 -6.9227 1.59631 0.354218 -20.1134 109.617 9.78559 -59.5787 -0.022359 -0.065634 0.068358) #f(34.3533 -13.4538 1.51016 49.5087 -41.3106 13.2743 58.2829 19.8145 -19.1681 45.5403 -17.1178 -15.684 8.49884 1.46181 5.56537 21.9968 -18.5 -7.79267 -5.66516 -96.8801 -93.7715 -101.233 -11.3646 -6.93451 1.5931 0.347675 -20.117 109.626 9.79166 -59.5827 -0.019262 -0.063728 0.066184) #f(34.2102 -13.54 1.48275 49.5923 -41.1926 13.5599 58.2516 19.6558 -19.3157 45.4859 -16.9764 -15.5529 8.49801 1.3936 5.33415 21.9964 -18.5 -7.79162 -5.72436 -96.983 -93.9435 -101.22 -11.5581 -7.01073 1.54312 0.288142 -20.0746 109.65 9.83752 -59.6156 0.005682 -0.054912 0.045329) #f(33.9133 -13.7067 1.42376 49.6334 -41.0408 13.8296 58.1975 19.5329 -19.5644 45.586 -16.9582 -15.3996 8.49236 1.30565 4.7884 21.9938 -18.5 -7.78949 -5.88849 -97.2698 -94.4408 -101.281 -12.2149 -7.23104 1.37265 0.123912 -19.9253 109.683 9.96699 -59.7013 0.082916 -0.032668 -0.017544) #f(33.5059 -13.9253 1.36887 49.5991 -40.8225 14.1173 58.1082 19.4429 -19.928 45.9446 -17.0975 -15.1988 8.47145 1.21325 3.73059 21.9844 -18.5 -7.78511 -6.23624 -97.7743 -95.3982 -101.382 -13.6339 -7.69354 0.984638 -0.196624 -19.5988 109.705 10.2247 -59.8645 0.24805 0.009589 -0.148835) #f(33.0357 -14.1626 1.34497 49.4699 -40.5188 14.4551 57.9662 19.3785 -20.4063 46.6276 -17.4067 -14.9302 8.41522 1.13306 1.98247 21.9591 -18.5 -7.77643 -6.8566 -98.503 -96.9193 -101.452 -16.0871 -8.51246 0.261339 -0.713088 -19.0265 109.678 10.6471 -60.1241 0.536792 0.077304 -0.373577) #f(32.5367 -14.3863 1.35983 49.2546 -40.1351 14.8577 57.7479 19.3277 -20.9841 47.6349 -17.8633 -14.5894 8.29072 1.07803 -0.580549 21.9033 -18.5 -7.76024 -7.84466 -99.4559 -99.082 -101.414 -19.7721 -9.81579 -0.932975 -1.44123 -18.1529 109.541 11.2527 -60.4872 0.979877 0.173566 -0.710999) #f(32.0133 -14.5699 1.39327 49.003 -39.7099 15.3076 57.4226 19.2733 -21.6315 48.8772 -18.3981 -14.1965 8.04986 1.05278 -3.99771 21.7953 -18.4999 -7.73155 -9.2966 -100.645 -101.944 -101.205 -24.7684 -11.7415 -2.74805 -2.36253 -16.9461 109.215 12.0343 -60.9434 1.59839 0.297976 -1.17045) #f(31.4359 -14.6963 1.40123 48.7976 -39.3097 15.7558 56.9539 19.1942 -22.3073 50.1841 -18.9026 -13.7938 7.63383 1.05275 -8.21299 21.6082 -18.4992 -7.68027 -11.2973 -102.094 -105.543 -100.796 -31.0232 -14.422 -5.3334 -3.42579 -15.4032 108.596 12.9531 -61.4675 2.40236 0.446104 -1.75013) #f(30.751 -14.759 1.33403 48.7225 -39.0101 16.1382 56.3033 19.0661 -22.9678 51.3487 -19.2558 -13.4322 6.98536 1.06734 -13.0892 21.3146 -18.4958 -7.58482 -13.8993 -103.823 -109.885 -100.192 -38.3702 -17.9555 -8.81279 -4.56194 -13.5499 107.568 13.9393 -62.0309 3.39289 0.609611 -2.43896) #f(29.8935 -14.7626 1.15686 48.8293 -38.8726 16.395 55.434 18.8634 -23.5762 52.1775 -19.3542 -13.1542 6.06205 1.08383 -18.4257 20.8911 -18.4851 -7.40526 -17.1015 -105.83 -114.941 -99.4382 -46.5535 -22.3752 -13.2568 -5.70105 -11.4394 106.007 14.892 -62.6137 4.56491 0.776473 -3.21896) #f(28.7981 -14.7237 0.870302 49.1023 -38.923 16.4892 54.3156 18.5608 -24.1116 52.5402 -19.142 -12.978 4.84977 1.09126 -23.9769 20.3241 -18.4589 -7.07647 -20.8262 -108.064 -120.637 -98.6204 -55.2518 -27.619 -18.6553 -6.78923 -9.15079 103.785 15.6795 -63.2182 5.90993 0.931203 -4.06759) #f(27.4116 -14.6715 0.530569 49.4248 -39.1294 16.4263 52.9273 18.1348 -24.5784 52.4195 -18.6413 -12.8812 3.37588 1.08425 -29.4694 19.614 -18.4045 -6.5015 -24.898 -110.411 -126.844 -97.8657 -64.1018 -33.4985 -24.8908 -7.80545 -6.78811 100.783 16.14 -63.8803 7.41875 1.0551 -4.96012) #f(25.7023 -14.6469 0.258791 49.5648 -39.3909 16.2644 51.261 17.5658 -25.011 51.9401 -17.9675 -12.7928 1.71637 1.06555 -34.6205 18.7782 -18.3046 -5.55262 -29.0343 -112.685 -133.375 -97.3377 -72.722 -39.685 -31.7223 -8.77104 -4.475 96.8944 16.0896 -64.6775 9.08357 1.12737 -5.87242) #f(23.6606 -14.6967 0.215819 49.2223 -39.5599 16.0999 49.3209 16.8401 -25.4641 51.3329 -17.3015 -12.6092 -0.016267 1.04445 -39.1542 17.8458 -18.1407 -4.09676 -32.8738 -114.653 -139.997 -97.2065 -80.7329 -45.7438 -38.8078 -9.73641 -2.33829 92.0457 15.3536 -65.7166 10.8983 1.12894 -6.78482) #f(21.2954 -14.8652 0.560246 48.1073 -39.4804 16.0398 47.1197 15.9526 -25.9966 50.8684 -16.8403 -12.2227 -1.69452 1.03321 -42.8185 16.8482 -17.8975 -2.03279 -36.0241 -116.089 -146.451 -97.6068 -87.7757 -51.1925 -45.7427 -10.7566 -0.48581 86.2141 13.809 -67.1143 12.8581 1.04763 -7.68661) #f(18.6311 -15.1858 1.40553 46.0185 -39.0279 16.174 44.6767 14.9099 -26.655 50.7879 -16.7465 -11.5502 -3.19782 1.04335 -45.4009 15.8103 -17.5679 0.670633 -38.1103 -116.816 -152.467 -98.5962 -93.5318 -55.5615 -52.1011 -11.8664 1.01607 79.4496 11.4284 -68.9768 14.9582 0.883365 -8.58056) #f(15.7033 -15.6724 2.77713 42.9233 -38.1484 16.5475 42.0145 13.7329 -27.4565 51.2349 -17.098 -10.5626 -4.4345 1.08199 -46.7454 14.7409 -17.1578 3.93711 -38.8235 -116.756 -157.789 -100.112 -97.7416 -58.4531 -57.4756 -13.0552 2.16489 71.8944 8.32302 -71.3787 17.1941 0.653408 -9.4874) #f(12.5561 -16.3118 4.57335 39.0294 -36.8949 17.1342 39.1564 12.4588 -28.3742 52.1923 -17.8417 -9.31075 -5.36239 1.14859 -46.7679 13.6243 -16.6905 7.54871 -37.9664 -115.976 -162.189 -101.933 -100.222 -59.5986 -61.5168 -14.2442 3.04287 63.8016 4.7811 -74.3444 19.5597 0.396844 -10.4496) #f(9.24072 -17.0632 6.56534 34.7859 -35.4322 17.8359 36.1277 11.1409 -29.3383 53.477 -18.7925 -7.9263 -5.99464 1.23651 -45.4587 12.4198 -16.2062 11.1546 -35.4712 -114.694 -165.48 -103.687 -100.876 -58.8815 -63.9575 -15.287 3.81975 55.5249 1.25652 -77.839 22.0455 0.171282 -11.528) #f(5.81713 -17.8667 8.45017 30.7851 -33.9972 18.5135 32.9612 9.84238 -30.2601 54.8135 -19.6941 -6.5874 -6.38557 1.34102 -42.8704 11.073 -15.7543 14.3374 -31.3797 -113.235 -167.52 -104.911 -99.6844 -56.3159 -64.6175 -16.0014 4.73137 47.4714 -1.71135 -81.7754 24.6323 0.038986 -12.7878) #f(2.357 -18.6546 9.91465 27.6462 -32.852 19.0242 29.7037 8.63049 -31.0608 55.9231 -20.2923 -5.47709 -6.61244 1.46865 -39.1014 9.52817 -15.3855 16.6914 -25.8145 -111.98 -168.208 -105.13 -96.6963 -52.0156 -63.4044 -16.2078 6.05338 40.0474 -3.59146 -86.023 27.2856 0.050883 -14.2833) #f(-1.05396 -19.3625 10.6993 25.8971 -32.2356 19.26 26.4231 7.56987 -31.6993 56.6136 -20.4082 -4.74176 -6.75722 1.64655 -34.2792 7.74185 -15.1425 17.9005 -18.9518 -111.307 -167.49 -103.93 -92.0223 -46.1626 -60.3148 -15.7677 8.07483 33.603 -3.95495 -90.4184 29.9495 0.230533 -16.0421) #f(-4.31354 -19.9397 10.6621 25.8578 -32.3166 19.1852 23.2148 6.71631 -32.2012 56.8683 -20.011 -4.4498 -6.88841 1.93173 -28.5451 5.69546 -15.052 17.8162 -10.9931 -111.541 -165.355 -101.039 -85.8239 -38.9769 -55.4341 -14.6214 11.0718 28.3778 -2.56877 -94.7736 32.5408 0.558213 -18.0497) #f(-7.30438 -20.3588 9.82537 27.5523 -33.1554 18.8631 20.203 6.1111 -32.6772 56.9071 -19.2682 -4.56164 -7.0464 2.41576 -22.0402 3.40537 -15.1177 16.5156 -2.14049 -112.906 -161.837 -96.3779 -78.3032 -30.6893 -48.9354 -12.817 15.2825 24.4593 0.535449 -98.8876 34.9465 0.960792 -20.2388) #f(-9.91069 -20.616 8.35843 30.7336 -34.7082 18.4409 17.5221 5.77865 -33.3042 57.1388 -18.5067 -4.94477 -7.24306 3.2113 -14.9053 0.920475 -15.3224 14.2812 7.41557 -115.506 -157.007 -90.0644 -69.689 -21.5315 -41.0658 -10.4982 20.8881 21.792 5.08884 -102.559 37.0372 1.32441 -22.4986) #f(-12.044 -20.7275 6.52081 34.976 -36.8546 18.1085 15.2855 5.72588 -34.2829 58.0477 -18.1202 -5.41575 -7.46972 4.42774 -7.2869 -1.68751 -15.6341 11.5342 17.5002 -119.325 -150.969 -82.3623 -60.2198 -11.7357 -32.1271 -7.86967 27.9971 20.2168 10.6707 -105.599 38.6881 1.52082 -24.6961) #f(-13.6698 -20.7252 4.60288 39.7731 -39.427 18.0559 13.5539 5.94182 -35.7952 60.0753 -18.4729 -5.78407 -7.70577 6.14614 0.65574 -4.33426 -16.0135 8.76407 27.9584 -124.221 -143.846 -73.6376 -50.127 -1.5356 -22.4559 -5.16006 36.6297 19.5134 16.7979 -107.852 39.8022 1.43472 -26.6979) #f(-14.8336 -20.6524 2.86654 44.6349 -42.2401 18.4308 12.3036 6.39715 -37.96 63.5026 -19.8032 -5.8961 -7.92731 8.3941 8.7434 -6.93314 -16.4204 6.45872 38.6581 -129.932 -135.781 -64.3109 -39.6175 8.83357 -12.4034 -2.58518 46.7024 19.442 23.0147 -109.204 40.332 0.991085 -28.3925) #f(-15.686 -20.5594 1.48799 49.1824 -45.1201 19.297 11.3964 7.044 -40.792 68.3367 -22.1316 -5.67723 -8.11548 11.122 16.7707 -9.40512 -16.8206 5.03547 49.4944 -136.072 -126.919 -54.8118 -28.8584 19.1343 -2.31578 -0.312477 58.0134 19.7838 28.9786 -109.6 40.3012 0.181255 -29.7114) #f(-16.4789 -20.4986 0.531271 53.1951 -47.9218 20.6177 10.5812 7.81878 -44.1854 74.2732 -25.2311 -5.14979 -8.26125 14.1977 24.509 -11.6856 -17.1898 4.79509 60.3825 -142.154 -117.411 -45.5441 -17.9734 29.1301 7.48315 1.55706 70.2423 20.366 34.5036 -109.053 39.8094 -0.928082 -30.6389) #f(-17.5156 -20.5183 -0.026969 56.5809 -50.5276 22.2766 9.54615 8.65005 -47.9401 80.7813 -28.6994 -4.41042 -8.36429 17.4328 31.725 -13.7254 -17.5119 5.91306 71.2376 -147.647 -107.415 -36.8708 -7.06215 38.5933 16.7043 2.97778 82.9726 21.0605 39.5296 -107.645 39.0103 -2.21448 -31.2035) #f(-19.09 -20.656 -0.259754 59.3266 -52.8413 24.1102 7.98408 9.46765 -51.799 87.2208 -32.0585 -3.59718 -8.43024 20.6159 38.2025 -15.491 -17.777 8.44031 81.9493 -152.04 -97.0961 -29.1039 3.77535 47.3154 25.1049 3.94077 95.7205 21.7752 44.0738 -105.518 38.0822 -3.5266 -31.4646) #f(-21.4239 -20.932 -0.251771 61.4472 -54.7826 25.9399 5.65835 10.212 -55.4854 92.9603 -34.8538 -2.85648 -8.46807 23.5469 43.7658 -16.964 -17.9783 12.3042 92.357 -154.909 -86.6374 -22.494 14.4141 55.1163 32.4995 4.45524 107.964 22.446 48.1814 -102.874 37.1995 -4.71116 -31.4984) #f(-24.6062 -21.3427 -0.061457 62.9366 -56.2806 27.6036 2.46829 10.843 -58.7399 97.4942 -36.754 -2.31005 -8.48733 26.0704 48.3011 -18.1409 -18.11 17.3095 102.225 -155.983 -76.2407 -17.2199 24.6794 61.8542 38.7721 4.52984 119.17 23.0279 51.8769 -99.9733 36.5031 -5.6399 -31.3849) #f(-28.544 -21.8564 0.309896 63.7271 -57.2697 28.9836 -1.4992 11.3476 -61.3545 100.543 -37.633 -2.02672 -8.4958 28.1046 51.7754 -19.0328 -18.165 23.1447 111.227 -155.194 -66.1296 -13.3808 34.3297 67.4342 43.8838 4.15767 128.828 23.4882 55.1237 -97.1213 36.0764 -6.23273 -31.1952) #f(-32.9812 -22.4177 0.914366 63.6989 -57.6946 30.0153 -5.98672 11.7372 -63.1879 102.062 -37.5688 -2.01792 -8.49873 29.642 54.2337 -19.6635 -18.136 29.4139 118.978 -152.677 -56.5389 -10.9952 43.0733 71.8108 47.8679 3.31944 136.487 23.8032 57.8265 -94.6455 35.942 -6.46205 -30.9866) #f(-37.5647 -22.9608 1.82809 62.7256 -57.521 30.6796 -10.6342 12.0381 -64.1681 102.192 -36.7808 -2.25075 -8.49926 30.7302 55.7815 -20.0656 -18.0179 35.6882 125.103 -148.717 -47.6964 -10.0074 50.6115 74.9865 50.8135 1.9998 141.799 23.9594 59.8655 -92.8515 36.0765 -6.34334 -30.802) #f(-41.916 -23.4214 3.11949 60.7238 -56.748 30.9955 -15.0515 12.2814 -64.2937 101.195 -35.5602 -2.66263 -8.49901 31.4515 56.5658 -20.2779 -17.8114 41.5586 129.306 -143.703 -39.8016 -10.2936 56.6835 77.0091 52.8489 0.205089 144.569 23.9544 61.1336 -91.9795 36.4252 -5.92432 -30.6702) #f(-45.7026 -23.7504 4.81756 57.702 -55.4194 31.0117 -18.8909 12.4927 -63.6347 99.3941 -34.202 -3.17597 -8.49857 31.9017 56.7562 -20.3419 -17.5258 46.6884 131.44 -138.067 -33.0071 -11.6685 61.1118 77.9705 54.1249 -2.019 144.8 23.7985 61.5737 -92.1609 36.9178 -5.27422 -30.6059) #f(-48.7078 -23.9262 6.88105 53.8081 -53.6357 30.7988 -21.9184 12.6826 -62.3335 97.116 -32.9368 -3.71273 -8.49806 32.1693 56.5257 -20.2982 -17.1817 50.8656 131.58 -132.242 -27.3978 -13.892 63.8461 78.0036 54.7973 -4.57044 142.733 23.515 61.2143 -93.3762 37.4836 -4.47302 -30.6102) #f(-50.8693 -23.9605 9.18602 49.3437 -51.5534 30.4405 -24.054 12.8414 -60.5966 94.6463 -31.8899 -4.20532 -8.49754 32.322 56.0358 -20.1843 -16.8118 54.0292 130.04 -126.615 -22.9813 -16.6816 64.9857 77.2782 55.0152 -7.28745 138.857 23.1401 60.1858 -95.4414 38.0626 -3.60223 -30.6721) #f(-52.255 -23.8904 11.5509 44.7113 -49.3632 30.0247 -25.3514 12.946 -58.6676 92.2185 -31.0929 -4.60032 -8.49707 32.4064 55.4286 -20.0332 -16.4551 56.245 127.312 -121.506 -19.6953 -19.7356 64.757 75.9899 54.9153 -9.97276 133.827 22.7175 58.6944 -98.0532 38.6079 -2.73855 -30.7717) #f(-53.0188 -23.7654 13.7735 40.3398 -47.2599 29.6343 -25.9563 12.9693 -56.7945 90.0126 -30.5126 -4.85987 -8.49672 32.4522 54.8216 -19.8723 -16.1501 57.6652 123.976 -117.158 -17.4216 -22.7608 63.4773 74.3483 54.6201 -12.4267 128.368 22.2924 56.9836 -100.853 39.0856 -1.94853 -30.8859) #f(-53.3552 -23.6355 15.6686 36.6088 -45.4124 29.3374 -26.0657 12.8897 -55.1968 88.1549 -30.0808 -4.96296 -8.49653 32.4768 54.3026 -19.723 -15.9279 58.4878 120.597 -113.721 -15.9999 -25.4993 61.5177 72.565 54.2358 -14.4807 123.163 21.9052 55.2943 -103.491 39.4749 -1.28323 -30.992) #f(-53.4545 -23.538 17.1048 33.7742 -43.9339 29.1786 -25.8864 12.7015 -54.0329 86.7169 -29.7234 -4.90679 -8.49654 32.4894 53.9242 -19.5995 -15.8047 58.9152 117.638 -111.24 -15.2416 -27.7558 59.2662 70.8412 53.85 -16.0303 118.757 21.5856 53.8258 -105.691 39.7674 -0.772912 -31.0731) #f(-53.4621 -23.4867 18.0372 31.9038 -42.8567 29.1704 -25.5965 12.4224 -53.3712 85.7156 -29.3869 -4.70742 -8.49675 32.4951 53.7001 -19.5086 -15.7766 59.1174 115.372 -109.644 -14.9447 -29.4223 57.0902 69.3544 53.5296 -17.0634 115.463 21.3468 52.7009 -107.307 39.9671 -0.42268 -31.1217) #f(-53.4629 -23.471 18.5081 30.8817 -42.1342 29.2945 -25.3277 12.0916 -53.1896 85.1197 -29.0468 -4.39667 -8.49712 32.4972 53.6103 -19.4497 -15.8204 59.2155 113.87 -108.767 -14.9129 -30.4834 55.2927 68.2393 53.3181 -17.6549 113.345 21.1858 51.9565 -108.33 40.088 -0.21447 -31.1403) #f(-53.4905 -23.4646 18.6186 30.4751 -41.6702 29.5104 -25.1641 11.7579 -53.399 84.8605 -28.7001 -4.01544 -8.4976 32.4978 53.614 -19.4177 -15.902 59.2856 113.046 -108.389 -14.9787 -31.0063 54.0643 67.5629 53.2325 -17.931 112.266 21.0876 51.5586 -108.855 40.1503 -0.114701 -31.1376) #f(-53.5373 -23.435 18.4979 30.4084 -41.3495 29.7646 -25.1436 11.4673 -53.8701 84.8435 -28.355 -3.60665 -8.49812 32.4979 53.6637 -19.4044 -15.9856 59.3641 112.711 -108.287 -15.0274 -31.1278 53.4338 67.2985 53.2609 -18.0305 111.944 21.0302 51.4196 -109.039 40.1766 -0.082627 -31.1249) #f(-53.5666 -23.3528 18.2712 30.4376 -41.0698 30.0011 -25.2604 11.2498 -54.4609 84.9607 -28.0215 -3.20814 -8.49862 32.4979 53.7196 -19.401 -16.0421 59.4538 112.629 -108.277 -15.0211 -31.0413 53.2193 67.3006 53.3587 -18.0647 112.014 20.9897 51.4162 -109.061 40.1877 -0.0787 -31.1123)))
(setq *bspline-tm-list* '(0.0 0.048 0.096 0.144 0.192 0.24 0.288 0.336 0.384 0.432 0.48 0.528 0.576 0.624 0.672 0.72 0.768 0.816 0.864 0.912 0.96 1.008 1.056 1.104 1.152 1.2 1.248 1.296 1.344 1.392 1.44 1.488 1.536 1.584 1.632 1.68 1.728 1.776 1.824 1.872 1.92 1.968 2.016 2.064 2.112 2.16 2.208 2.256 2.304 2.352 2.4))
(setq *bspline-zmp-rc-list* '(#f(-185.871 -116.495 -891.319) #f(-168.289 -160.109 -889.633) #f(-164.116 -163.414 -889.602) #f(-160.332 -172.419 -888.959) #f(-162.691 -185.271 -886.873) #f(-169.572 -197.248 -883.878) #f(-179.082 -203.479 -880.647) #f(-189.182 -199.564 -877.954) #f(-198.966 -184.244 -876.225) #f(-208.418 -159.029 -875.556) #f(-216.424 -125.605 -876.208) #f(-220.698 -87.2218 -878.448) #f(-219.455 -50.1813 -882.126) #f(-212.824 -21.7869 -886.586) #f(-202.256 -5.3392 -891.155) #f(-191.13 0.388283 -895.119) #f(-182.776 -1.16471 -897.951) #f(-176.872 -5.9782 -899.795) #f(-168.034 -9.14112 -901.524) #f(-152.041 -6.29901 -903.698) #f(-130.84 3.22892 -906.074) #f(-108.589 15.3731 -908.362) #f(-91.5754 20.5793 -910.207) #f(-90.2586 7.19447 -910.693) #f(-119.159 -31.6771 -908.011) #f(-185.205 -90.6719 -900.534) #f(-279.218 -156.378 -888.08) #f(-363.402 -204.838 -873.451) #f(-360.994 -187.231 -862.423) #f(-225.306 -68.0326 -855.369) #f(-63.1835 73.5666 -841.286) #f(22.6882 149.806 -817.239) #f(59.3878 174.641 -790.615) #f(90.0603 181.699 -766.445) #f(125.014 184.552 -746.379) #f(154.181 184.186 -731.189) #f(168.537 181.758 -721.415) #f(167.558 179.303 -717.336) #f(156.025 177.973 -718.689) #f(139.521 178.703 -724.43) #f(121.918 182.099 -733.088) #f(105.568 187.989 -743.217) #f(91.8893 194.693 -753.71) #f(83.1241 200.405 -763.658) #f(80.2618 203.33 -772.476) #f(80.7685 202.138 -779.941) #f(80.0107 196.515 -786.049) #f(75.9792 188.318 -790.67) #f(70.442 180.633 -793.613) #f(66.4306 176.212 -794.865) #f(66.9183 177.777 -794.49)))
(setq *bspline-cog-wc-list* '(#1=#f(-238.721 205.512 885.275) #1# #1# #1# #1# #1# #1# #1# #1# #1# #1# #1# #1# #1# #1# #1# #1# #1# #1# #1# #1# #1# #1# #1# #1# #1# #1# #1# #1# #1# #1# #1# #1# #1# #1# #1# #1# #1# #1# #1# #1# #1# #1# #1# #1# #1# #1# #1# #1# #1# #1#))
(setq *bspline-rc-list* '(#s(coordinates plist nil rot #2f((0.94253 -0.315738 -0.109302) (0.301875 0.944923 -0.126455) (0.143209 0.086192 0.985932)) pos #f(-51.6019 67.1411 915.44)) #s(coordinates plist nil rot #2f((0.941787 -0.318408 -0.107952) (0.304294 0.943795 -0.129057) (0.142977 0.088695 0.985744)) pos #f(-50.1757 64.4889 915.212)) #s(coordinates plist nil rot #2f((0.940791 -0.321617 -0.107119) (0.307275 0.942534 -0.131191) (0.143157 0.090509 0.985553)) pos #f(-49.2271 62.3584 915.035)) #s(coordinates plist nil rot #2f((0.939405 -0.325695 -0.106963) (0.311124 0.941028 -0.132919) (0.143946 0.091586 0.985338)) pos #f(-48.9302 60.7825 914.796)) #s(coordinates plist nil rot #2f((0.937615 -0.330613 -0.107576) (0.315801 0.939284 -0.134223) (0.145421 0.091877 0.985095)) pos #f(-49.4476 59.881 914.334)) #s(coordinates plist nil rot #2f((0.935466 -0.336201 -0.108964) (0.321147 0.93735 -0.135053) (0.147542 0.091344 0.984829)) pos #f(-50.8921 59.7612 913.505)) #s(coordinates plist nil rot #2f((0.932982 -0.342374 -0.111018) (0.327098 0.935246 -0.135357) (0.150172 0.089972 0.984557)) pos #f(-53.2856 60.4201 912.248)) #s(coordinates plist nil rot #2f((0.930099 -0.349334 -0.1135) (0.333888 0.932877 -0.135128) (0.153086 0.087786 0.984306)) pos #f(-56.5228 61.6582 910.656)) #s(coordinates plist nil rot #2f((0.926627 -0.357623 -0.116049) (0.342094 0.930004 -0.134401) (0.155991 0.084839 0.984108)) pos #f(-60.3765 63.0863 908.968)) #s(coordinates plist nil rot #2f((0.922273 -0.368012 -0.118237) (0.352526 0.926269 -0.133231) (0.15855 0.081194 0.984007)) pos #f(-64.5497 64.2379 907.51)) #s(coordinates plist nil rot #2f((0.916653 -0.381364 -0.119619) (0.366084 0.921221 -0.131661) (0.160407 0.076897 0.984051)) pos #f(-68.7359 64.7018 906.608)) #s(coordinates plist nil rot #2f((0.909315 -0.39849 -0.119799) (0.38361 0.914345 -0.12968) (0.161214 0.071964 0.984292)) pos #f(-72.6812 64.2576 906.506)) #s(coordinates plist nil rot #2f((0.899753 -0.420007 -0.118482) (0.40575 0.905091 -0.127189) (0.160657 0.066365 0.984777)) pos #f(-76.2463 63.0116 907.284)) #s(coordinates plist nil rot #2f((0.887435 -0.44622 -0.115527) (0.432832 0.892908 -0.123981) (0.158478 0.060022 0.985537)) pos #f(-79.4538 61.4706 908.798)) #s(coordinates plist nil rot #2f((0.871817 -0.4771 -0.110953) (0.46483 0.877257 -0.119801) (0.154491 0.052871 0.986578)) pos #f(-82.4751 60.4282 910.724)) #s(coordinates plist nil rot #2f((0.852377 -0.512293 -0.104927) (0.501366 0.857634 -0.114434) (0.148613 0.044934 0.987874)) pos #f(-85.5839 60.7554 912.651)) #s(coordinates plist nil rot #2f((0.828658 -0.551157 -0.09773) (0.541734 0.833608 -0.107807) (0.140887 0.036392 0.989357)) pos #f(-89.0939 63.1796 914.187)) #s(coordinates plist nil rot #2f((0.800343 -0.592793 -0.08971) (0.584935 0.804881 -0.100092) (0.131539 0.027633 0.990926)) pos #f(-93.2778 68.0628 915.061)) #s(coordinates plist nil rot #2f((0.76732 -0.6361 -0.081213) (0.629739 0.771365 -0.091787) (0.121031 0.019288 0.992461)) pos #f(-98.2686 75.2014 915.241)) #s(coordinates plist nil rot #2f((0.729771 -0.679834 -0.072525) (0.674772 0.733266 -0.08369) (0.110076 0.012137 0.993849)) pos #f(-103.989 83.8151 914.952)) #s(coordinates plist nil rot #2f((0.688233 -0.722673 -0.063868) (0.718624 0.691156 -0.0767) (0.099572 0.00689 0.995007)) pos #f(-110.155 92.7839 914.555)) #s(coordinates plist nil rot #2f((0.643652 -0.763308 -0.05544) (0.759952 0.646023 -0.071604) (0.090471 0.003956 0.995891)) pos #f(-116.335 100.929 914.393)) #s(coordinates plist nil rot #2f((0.597397 -0.800537 -0.047507) (0.797575 0.599275 -0.068875) (0.083607 0.003255 0.996493)) pos #f(-122.06 107.281 914.605)) #s(coordinates plist nil rot #2f((0.551247 -0.833356 -0.040541) (0.830547 0.552721 -0.068494) (0.079488 0.004085 0.996827)) pos #f(-126.979 111.321 914.949)) #s(coordinates plist nil rot #2f((0.507291 -0.86105 -0.035346) (0.858227 0.508495 -0.069849) (0.078117 0.005099 0.996931)) pos #f(-131.017 113.142 914.694)) #s(coordinates plist nil rot #2f((0.467633 -0.883307 -0.032999) (0.880387 0.468773 -0.0719) (0.078979 0.004571 0.996866)) pos #f(-134.411 113.327 912.753)) #s(coordinates plist nil rot #2f((0.433954 -0.90027 -0.034623) (0.89727 0.435332 -0.073433) (0.081182 0.0008 0.996699)) pos #f(-137.611 112.734 907.941)) #s(coordinates plist nil rot #2f((0.407071 -0.912471 -0.041108) (0.909556 0.409072 -0.07327) (0.083673 -0.007564 0.996465)) pos #f(-141.122 112.317 899.22)) #s(coordinates plist nil rot #2f((0.386539 -0.920762 -0.052775) (0.918306 0.389548 -0.070472) (0.085447 -0.021223 0.996117)) pos #f(-145.305 112.963 885.946)) #s(coordinates plist nil rot #2f((0.370325 -0.92633 -0.069076) (0.92494 0.374585 -0.064584) (0.085701 -0.039974 0.995519)) pos #f(-150.185 115.281 868.125)) #s(coordinates plist nil rot #2f((0.3549 -0.930703 -0.088531) (0.931136 0.360375 -0.055817) (0.083853 -0.062625 0.994508)) pos #f(-155.4 119.413 846.571)) #s(coordinates plist nil rot #2f((0.335955 -0.935541 -0.109078) (0.938521 0.342274 -0.04502) (0.079452 -0.087247 0.993013)) pos #f(-160.357 125.0 822.797)) #s(coordinates plist nil rot #2f((0.309216 -0.942266 -0.12853) (0.948251 0.31575 -0.033504) (0.072153 -0.111519 0.99114)) pos #f(-164.446 131.29 798.801)) #s(coordinates plist nil rot #2f((0.271241 -0.95153 -0.144979) (0.960524 0.277267 -0.022724) (0.06182 -0.133092 0.989174)) pos #f(-167.209 137.376 776.762)) #s(coordinates plist nil rot #2f((0.220269 -0.962697 -0.157149) (0.974221 0.22517 -0.013873) (0.048741 -0.150042 0.987477)) pos #f(-168.445 142.536 758.63)) #s(coordinates plist nil rot #2f((0.157066 -0.973768 -0.164638) (0.987011 0.160478 -0.007547) (0.03377 -0.161314 0.986325)) pos #f(-168.258 146.505 745.695)) #s(coordinates plist nil rot #2f((0.084988 -0.982143 -0.167846) (0.996215 0.086842 -0.003724) (0.018234 -0.166894 0.985806)) pos #f(-166.979 149.474 738.436)) #s(coordinates plist nil rot #2f((0.00924 -0.985795 -0.167697) (0.999951 0.009713 -0.001998) (0.003599 -0.16767 0.985837)) pos #f(-165.055 151.873 736.637)) #s(coordinates plist nil rot #2f((-0.064198 -0.984139 -0.165374) (0.997898 -0.064785 -0.001846) (-0.008897 -0.165145 0.986229)) pos #f(-162.947 154.114 739.571)) #s(coordinates plist nil rot #2f((-0.129846 -0.9782 -0.162063) (0.991361 -0.131128 -0.002809) (-0.018504 -0.161027 0.986776)) pos #f(-161.045 156.431 746.208)) #s(coordinates plist nil rot #2f((-0.183929 -0.970044 -0.1587) (0.982621 -0.185569 -0.004553) (-0.025033 -0.156779 0.987316)) pos #f(-159.591 158.832 755.391)) #s(coordinates plist nil rot #2f((-0.224969 -0.961823 -0.15584) (0.973941 -0.226697 -0.006831) (-0.028758 -0.153316 0.987759)) pos #f(-158.651 161.171 765.976)) #s(coordinates plist nil rot #2f((-0.253402 -0.95507 -0.153715) (0.966889 -0.255022 -0.009422) (-0.030202 -0.151013 0.98807)) pos #f(-158.171 163.253 776.895)) #s(coordinates plist nil rot #2f((-0.270923 -0.95047 -0.152341) (0.962134 -0.272308 -0.012102) (-0.029982 -0.149851 0.988254)) pos #f(-158.041 164.91 787.212)) #s(coordinates plist nil rot #2f((-0.27991 -0.94798 -0.151607) (0.959597 -0.280997 -0.014653) (-0.028711 -0.149583 0.988332)) pos #f(-158.139 166.042 796.182)) #s(coordinates plist nil rot #2f((-0.282929 -0.947123 -0.151361) (0.958762 -0.283706 -0.016894) (-0.026942 -0.149898 0.988334)) pos #f(-158.372 166.635 803.318)) #s(coordinates plist nil rot #2f((-0.282303 -0.947289 -0.151489) (0.958996 -0.2828 -0.018714) (-0.025113 -0.150561 0.988282)) pos #f(-158.718 166.769 808.434)) #s(coordinates plist nil rot #2f((-0.279902 -0.947928 -0.151946) (0.95974 -0.28017 -0.020087) (-0.023529 -0.151451 0.988185)) pos #f(-159.223 166.59 811.636)) #s(coordinates plist nil rot #2f((-0.277103 -0.948627 -0.152713) (0.96058 -0.277206 -0.021051) (-0.022364 -0.152527 0.988046)) pos #f(-159.951 166.27 813.253)) #s(coordinates plist nil rot #2f((-0.274772 -0.949135 -0.153764) (0.961265 -0.274769 -0.021693) (-0.02166 -0.153769 0.987869)) pos #f(-160.939 165.956 813.758)) #s(coordinates plist nil rot #2f((-0.273232 -0.949375 -0.15502) (0.961711 -0.273169 -0.02213) (-0.021337 -0.155132 0.987663)) pos #f(-162.141 165.728 813.695))))
(setq *bspline-wc-list* '(#s(coordinates plist nil rot #2f((0.94253 -0.315738 -0.109302) (0.301875 0.944923 -0.126455) (0.143209 0.086192 0.985932)) pos #f(59.7223 195.936 -88.7322)) #s(coordinates plist nil rot #2f((0.941787 -0.318408 -0.107952) (0.304294 0.943795 -0.129057) (0.142977 0.088695 0.985744)) pos #f(59.7731 195.933 -88.7675)) #s(coordinates plist nil rot #2f((0.940791 -0.321617 -0.107119) (0.307275 0.942534 -0.131191) (0.143157 0.090509 0.985553)) pos #f(59.8734 195.977 -88.751)) #s(coordinates plist nil rot #2f((0.939405 -0.325695 -0.106963) (0.311124 0.941028 -0.132919) (0.143946 0.091586 0.985338)) pos #f(60.0114 196.16 -88.7712)) #s(coordinates plist nil rot #2f((0.937615 -0.330613 -0.107576) (0.315801 0.939284 -0.134223) (0.145421 0.091877 0.985095)) pos #f(60.1188 196.588 -88.9846)) #s(coordinates plist nil rot #2f((0.935466 -0.336201 -0.108964) (0.321147 0.93735 -0.135053) (0.147542 0.091344 0.984829)) pos #f(60.0876 197.312 -89.5433)) #s(coordinates plist nil rot #2f((0.932982 -0.342374 -0.111018) (0.327098 0.935246 -0.135357) (0.150172 0.089972 0.984557)) pos #f(59.7867 198.282 -90.5232)) #s(coordinates plist nil rot #2f((0.930099 -0.349334 -0.1135) (0.333888 0.932877 -0.135128) (0.153086 0.087786 0.984306)) pos #f(59.0771 199.286 -91.8596)) #s(coordinates plist nil rot #2f((0.926627 -0.357623 -0.116049) (0.342094 0.930004 -0.134401) (0.155991 0.084839 0.984108)) pos #f(57.8198 199.973 -93.3458)) #s(coordinates plist nil rot #2f((0.922273 -0.368012 -0.118237) (0.352526 0.926269 -0.133231) (0.15855 0.081194 0.984007)) pos #f(55.8744 199.933 -94.7007)) #s(coordinates plist nil rot #2f((0.916653 -0.381364 -0.119619) (0.366084 0.921221 -0.131661) (0.160407 0.076897 0.984051)) pos #f(53.0964 198.798 -95.6482)) #s(coordinates plist nil rot #2f((0.909315 -0.39849 -0.119799) (0.38361 0.914345 -0.12968) (0.161214 0.071964 0.984292)) pos #f(49.3344 196.337 -95.9952)) #s(coordinates plist nil rot #2f((0.899753 -0.420007 -0.118482) (0.40575 0.905091 -0.127189) (0.160657 0.066365 0.984777)) pos #f(44.4278 192.554 -95.7106)) #s(coordinates plist nil rot #2f((0.887435 -0.44622 -0.115527) (0.432832 0.892908 -0.123981) (0.158478 0.060022 0.985537)) pos #f(38.2101 187.746 -94.971)) #s(coordinates plist nil rot #2f((0.871817 -0.4771 -0.110953) (0.46483 0.877257 -0.119801) (0.154491 0.052871 0.986578)) pos #f(30.5304 182.446 -94.1065)) #s(coordinates plist nil rot #2f((0.852377 -0.512293 -0.104927) (0.501366 0.857634 -0.114434) (0.148613 0.044934 0.987874)) pos #f(21.2842 177.306 -93.4984)) #s(coordinates plist nil rot #2f((0.828658 -0.551157 -0.09773) (0.541734 0.833608 -0.107807) (0.140887 0.036392 0.989357)) pos #f(10.4442 172.981 -93.4732)) #s(coordinates plist nil rot #2f((0.800343 -0.592793 -0.08971) (0.584935 0.804881 -0.100092) (0.131539 0.027633 0.990926)) pos #f(-1.90815 170.006 -94.1971)) #s(coordinates plist nil rot #2f((0.76732 -0.6361 -0.081213) (0.629739 0.771365 -0.091787) (0.121031 0.019288 0.992461)) pos #f(-15.5534 168.687 -95.5806)) #s(coordinates plist nil rot #2f((0.729771 -0.679834 -0.072525) (0.674772 0.733266 -0.08369) (0.110076 0.012137 0.993849)) pos #f(-30.1219 169.054 -97.2837)) #s(coordinates plist nil rot #2f((0.688233 -0.722673 -0.063868) (0.718624 0.691156 -0.0767) (0.099572 0.00689 0.995007)) pos #f(-45.1047 170.903 -98.8587)) #s(coordinates plist nil rot #2f((0.643652 -0.763308 -0.05544) (0.759952 0.646023 -0.071604) (0.090471 0.003956 0.995891)) pos #f(-59.8689 173.857 -99.9218)) #s(coordinates plist nil rot #2f((0.597397 -0.800537 -0.047507) (0.797575 0.599275 -0.068875) (0.083607 0.003255 0.996493)) pos #f(-73.674 177.43 -100.324)) #s(coordinates plist nil rot #2f((0.551247 -0.833356 -0.040541) (0.830547 0.552721 -0.068494) (0.079488 0.004085 0.996827)) pos #f(-85.6875 181.082 -100.32)) #s(coordinates plist nil rot #2f((0.507291 -0.86105 -0.035346) (0.858227 0.508495 -0.069849) (0.078117 0.005099 0.996931)) pos #f(-95.0164 184.283 -100.68)) #s(coordinates plist nil rot #2f((0.467633 -0.883307 -0.032999) (0.880387 0.468773 -0.0719) (0.078979 0.004571 0.996866)) pos #f(-100.802 186.558 -102.555)) #s(coordinates plist nil rot #2f((0.433954 -0.90027 -0.034623) (0.89727 0.435332 -0.073433) (0.081182 0.0008 0.996699)) pos #f(-102.347 187.526 -107.197)) #s(coordinates plist nil rot #2f((0.407071 -0.912471 -0.041108) (0.909556 0.409072 -0.07327) (0.083673 -0.007564 0.996465)) pos #f(-99.2537 186.943 -115.679)) #s(coordinates plist nil rot #2f((0.386539 -0.920762 -0.052775) (0.918306 0.389548 -0.070472) (0.085447 -0.021223 0.996117)) pos #f(-91.5532 184.739 -128.599)) #s(coordinates plist nil rot #2f((0.370325 -0.92633 -0.069076) (0.92494 0.374585 -0.064584) (0.085701 -0.039974 0.995519)) pos #f(-79.8311 181.06 -145.811)) #s(coordinates plist nil rot #2f((0.3549 -0.930703 -0.088531) (0.931136 0.360375 -0.055817) (0.083853 -0.062625 0.994508)) pos #f(-65.2317 176.262 -166.336)) #s(coordinates plist nil rot #2f((0.335955 -0.935541 -0.109078) (0.938521 0.342274 -0.04502) (0.079452 -0.087247 0.993013)) pos #f(-49.2609 170.853 -188.587)) #s(coordinates plist nil rot #2f((0.309216 -0.942266 -0.12853) (0.948251 0.31575 -0.033504) (0.072153 -0.111519 0.99114)) pos #f(-33.5381 165.414 -210.675)) #s(coordinates plist nil rot #2f((0.271241 -0.95153 -0.144979) (0.960524 0.277267 -0.022724) (0.06182 -0.133092 0.989174)) pos #f(-19.5473 160.521 -230.712)) #s(coordinates plist nil rot #2f((0.220269 -0.962697 -0.157149) (0.974221 0.22517 -0.013873) (0.048741 -0.150042 0.987477)) pos #f(-8.38904 156.666 -247.116)) #s(coordinates plist nil rot #2f((0.157066 -0.973768 -0.164638) (0.987011 0.160478 -0.007547) (0.03377 -0.161314 0.986325)) pos #f(-0.573847 154.191 -258.877)) #s(coordinates plist nil rot #2f((0.084988 -0.982143 -0.167846) (0.996215 0.086842 -0.003724) (0.018234 -0.166894 0.985806)) pos #f(3.97165 153.267 -265.607)) #s(coordinates plist nil rot #2f((0.00924 -0.985795 -0.167697) (0.999951 0.009713 -0.001998) (0.003599 -0.16767 0.985837)) pos #f(5.74396 153.908 -267.438)) #s(coordinates plist nil rot #2f((-0.064198 -0.984139 -0.165374) (0.997898 -0.064785 -0.001846) (-0.008897 -0.165145 0.986229)) pos #f(5.48691 155.994 -264.903)) #s(coordinates plist nil rot #2f((-0.129846 -0.9782 -0.162063) (0.991361 -0.131128 -0.002809) (-0.018504 -0.161027 0.986776)) pos #f(4.01575 159.292 -258.824)) #s(coordinates plist nil rot #2f((-0.183929 -0.970044 -0.1587) (0.982621 -0.185569 -0.004553) (-0.025033 -0.156779 0.987316)) pos #f(2.04444 163.469 -250.19)) #s(coordinates plist nil rot #2f((-0.224969 -0.961823 -0.15584) (0.973941 -0.226697 -0.006831) (-0.028758 -0.153316 0.987759)) pos #f(0.071681 168.129 -240.056)) #s(coordinates plist nil rot #2f((-0.253402 -0.95507 -0.153715) (0.966889 -0.255022 -0.009422) (-0.030202 -0.151013 0.98807)) pos #f(-1.61242 172.85 -229.455)) #s(coordinates plist nil rot #2f((-0.270923 -0.95047 -0.152341) (0.962134 -0.272308 -0.012102) (-0.029982 -0.149851 0.988254)) pos #f(-2.88146 177.236 -219.325)) #s(coordinates plist nil rot #2f((-0.27991 -0.94798 -0.151607) (0.959597 -0.280997 -0.014653) (-0.028711 -0.149583 0.988332)) pos #f(-3.72673 180.965 -210.434)) #s(coordinates plist nil rot #2f((-0.282929 -0.947123 -0.151361) (0.958762 -0.283706 -0.016894) (-0.026942 -0.149898 0.988334)) pos #f(-4.21128 183.841 -203.3)) #s(coordinates plist nil rot #2f((-0.282303 -0.947289 -0.151489) (0.958996 -0.2828 -0.018714) (-0.025113 -0.150561 0.988282)) pos #f(-4.4266 185.829 -198.131)) #s(coordinates plist nil rot #2f((-0.279902 -0.947928 -0.151946) (0.95974 -0.28017 -0.020087) (-0.023529 -0.151451 0.988185)) pos #f(-4.46597 187.049 -194.83)) #s(coordinates plist nil rot #2f((-0.277103 -0.948627 -0.152713) (0.96058 -0.277206 -0.021051) (-0.022364 -0.152527 0.988046)) pos #f(-4.4127 187.71 -193.072)) #s(coordinates plist nil rot #2f((-0.274772 -0.949135 -0.153764) (0.961265 -0.274769 -0.021693) (-0.02166 -0.153769 0.987869)) pos #f(-4.33037 188.051 -192.387)) #s(coordinates plist nil rot #2f((-0.273232 -0.949375 -0.15502) (0.961711 -0.273169 -0.02213) (-0.021337 -0.155132 0.987663)) pos #f(-4.25296 188.267 -192.24))))
(setq *bspline-optional-list* '(#f(1.0 1.0 0.0 0.0 2.4 2.4 1.0 1.0) #f(1.0 1.0 0.0 0.0 2.352 2.352 1.0 1.0) #f(1.0 1.0 0.0 0.0 2.304 2.304 1.0 1.0) #f(1.0 1.0 0.0 0.0 2.256 2.256 1.0 1.0) #f(1.0 1.0 0.0 0.0 2.208 2.208 1.0 1.0) #f(1.0 1.0 0.0 0.0 2.16 2.16 1.0 1.0) #f(1.0 1.0 0.0 0.0 2.112 2.112 1.0 1.0) #f(1.0 1.0 0.0 0.0 2.064 2.064 1.0 1.0) #f(1.0 1.0 0.0 0.0 2.016 2.016 1.0 1.0) #f(1.0 1.0 0.0 0.0 1.968 1.968 1.0 1.0) #f(1.0 1.0 0.0 0.0 1.92 1.92 1.0 1.0) #f(1.0 1.0 0.0 0.0 1.872 1.872 1.0 1.0) #f(1.0 1.0 0.0 0.0 1.824 1.824 1.0 1.0) #f(1.0 1.0 0.0 0.0 1.776 1.776 1.0 1.0) #f(1.0 1.0 0.0 0.0 1.728 1.728 1.0 1.0) #f(1.0 1.0 0.0 0.0 1.68 1.68 1.0 1.0) #f(1.0 1.0 0.0 0.0 1.632 1.632 1.0 1.0) #f(1.0 1.0 0.0 0.0 1.584 1.584 1.0 1.0) #f(1.0 1.0 0.0 0.0 1.536 1.536 1.0 1.0) #f(1.0 1.0 0.0 0.0 1.488 1.488 1.0 1.0) #f(1.0 1.0 0.0 0.0 1.44 1.44 1.0 1.0) #f(1.0 1.0 0.0 0.0 1.392 1.392 1.0 1.0) #f(1.0 1.0 0.0 0.0 1.344 1.344 1.0 1.0) #f(1.0 1.0 0.0 0.0 1.296 1.296 1.0 1.0) #f(1.0 1.0 0.0 0.0 1.248 1.248 1.0 1.0) #f(1.0 1.0 0.0 0.0 1.2 1.2 1.0 1.0) #f(1.0 1.0 0.0 0.0 1.152 1.152 1.0 1.0) #f(1.0 1.0 0.0 0.0 1.104 1.104 1.0 1.0) #f(1.0 1.0 0.0 0.0 1.056 1.056 1.0 1.0) #f(1.0 1.0 0.0 0.0 1.008 1.008 1.0 1.0) #f(1.0 1.0 0.0 0.0 0.96 0.96 1.0 1.0) #f(1.0 1.0 0.0 0.0 0.912 0.912 1.0 1.0) #f(1.0 1.0 0.0 0.0 0.864 0.864 1.0 1.0) #f(1.0 1.0 0.0 0.0 0.816 0.816 1.0 1.0) #f(1.0 1.0 0.0 0.0 0.768 0.768 1.0 1.0) #f(1.0 1.0 0.0 0.0 0.72 0.72 1.0 1.0) #f(1.0 1.0 0.0 0.0 0.672 0.672 1.0 1.0) #f(1.0 1.0 0.0 0.0 0.624 0.624 1.0 1.0) #f(1.0 1.0 0.0 0.0 0.576 0.576 1.0 1.0) #f(1.0 1.0 0.0 0.0 0.528 0.528 1.0 1.0) #f(1.0 1.0 0.0 0.0 0.48 0.48 1.0 1.0) #f(1.0 1.0 0.0 0.0 0.432 0.432 1.0 1.0) #f(1.0 1.0 0.0 0.0 0.384 0.384 1.0 1.0) #f(1.0 1.0 0.0 0.0 0.336 0.336 1.0 1.0) #f(1.0 1.0 0.0 0.0 0.288 0.288 1.0 1.0) #f(1.0 1.0 0.0 0.0 0.24 0.24 1.0 1.0) #f(1.0 1.0 0.0 0.0 0.192 0.192 1.0 1.0) #f(1.0 1.0 0.0 0.0 0.144 0.144 1.0 1.0) #f(1.0 1.0 0.0 0.0 0.096 0.096 1.0 1.0) #f(1.0 1.0 0.0 0.0 0.048 0.048 1.0 1.0) #f(1.0 1.0 0.0 0.0 1.0 1.0 1.0 1.0)))
