(setq *bspline-av-list* '(#f(62.284 -37.6645 -119.285 0.523239 -61.2566 -3.44416 -2.14342 -3.82722 -27.3952 52.4247 -27.9543 5.17442 7.71505 0.502458 -29.7133 -7.57228 25.9632 8.4819 161.1 -33.6786 5.40467 -7.28422 -2.14387 -2.17365 -9.53975 -64.5663 16.6333 18.2533 -15.8886 -36.5781 15.5099 -25.8912 -30.3937) #f(62.2567 -37.632 -119.164 0.553322 -61.2553 -3.45248 -2.17366 -3.89304 -27.4143 52.4115 -27.9393 5.16831 7.74951 0.500918 -29.7695 -7.57996 25.9633 8.38869 161.036 -33.6251 5.41345 -7.37175 -2.14125 -2.16723 -9.55951 -64.5612 16.5901 18.2663 -15.8689 -36.6128 15.4887 -25.8829 -30.3881) #f(62.2004 -37.5068 -118.867 0.613185 -61.1475 -3.46481 -2.18104 -3.97091 -27.3853 52.3803 -27.9296 5.15307 7.81959 0.500468 -29.8211 -7.60072 25.9665 8.14997 160.802 -33.4263 5.41259 -7.60879 -2.13209 -2.14391 -9.64516 -64.5303 16.3293 18.3076 -15.8111 -36.9027 15.429 -25.8321 -30.3924) #f(62.0921 -37.1832 -118.269 0.739762 -60.6609 -3.49 -2.12199 -4.09629 -27.2364 52.301 -27.9594 5.14897 7.91164 0.501598 -29.6719 -7.62864 25.9862 7.71984 160.064 -33.0128 5.36679 -8.20689 -2.10593 -2.08854 -9.88243 -64.3527 15.6731 18.4318 -15.6276 -37.6984 15.2581 -25.6437 -30.3914) #f(61.8898 -36.5667 -117.21 1.01197 -59.4031 -3.52786 -1.93466 -4.32235 -26.8954 52.146 -28.0662 5.20536 8.00264 0.50652 -28.992 -7.64122 26.0423 7.11583 158.357 -32.3823 5.2232 -9.41677 -2.05012 -1.98788 -10.3675 -63.8417 14.5197 18.6954 -15.2069 -39.2238 14.8855 -25.1909 -30.3574) #f(61.5246 -35.6019 -115.495 1.57025 -56.9477 -3.56813 -1.53422 -4.69592 -26.3129 51.9007 -28.2808 5.3759 8.05935 0.519882 -27.4149 -7.60423 26.156 6.38982 155.185 -31.592 4.92624 -11.4836 -1.9532 -1.83321 -11.1874 -62.786 12.8816 19.1464 -14.4412 -41.6392 14.2266 -24.3454 -30.2632) #f(60.8925 -34.3007 -112.892 2.63607 -52.9193 -3.58942 -0.808291 -5.23343 -25.4872 51.5727 -28.6188 5.69373 8.03747 0.549471 -24.6338 -7.47645 26.3447 5.59887 150.13 -30.7503 4.4324 -14.6025 -1.8082 -1.62299 -12.4006 -60.9909 10.9245 19.8144 -13.2536 -45.0033 13.2254 -23.0077 -30.0953) #f(59.8483 -32.7671 -109.134 4.52592 -47.0745 -3.5587 0.385765 -5.89945 -24.4852 51.2006 -29.0716 6.14901 7.8814 0.607001 -20.4918 -7.21448 26.6176 4.77867 142.945 -30.0089 3.72371 -18.8769 -1.61568 -1.36523 -14.019 -58.3171 8.99821 20.7018 -11.6232 -49.241 11.876 -21.1344 -29.8659) #f(58.2129 -31.19 -103.94 7.62111 -39.3393 -3.43444 2.2078 -6.60666 -23.4394 50.8511 -29.6069 6.68505 7.52922 0.709531 -15.0131 -6.7774 26.9735 3.93787 133.588 -29.5478 2.81056 -24.3044 -1.38422 -1.07717 -16.0047 -54.702 7.60502 21.7842 -9.59023 -54.1457 10.2268 -18.7472 -29.6139) #f(55.7965 -29.8028 -97.0713 12.2884 -29.8 -3.17397 4.80445 -7.23949 -22.5182 50.6044 -30.1763 7.21509 6.92339 0.881577 -8.37069 -6.13144 27.4034 3.07538 122.197 -29.5548 1.72274 -30.7914 -1.12803 -0.782213 -18.2813 -50.1608 7.29974 23.0215 -7.24036 -59.4208 8.36623 -15.9191 -29.3934) #f(52.4239 -28.8367 -88.3751 18.793 -18.6859 -2.7415 8.27602 -7.6815 -21.8917 50.5374 -30.7258 7.64232 6.02235 1.15734 -0.844276 -5.25456 27.8927 2.20145 109.042 -30.2031 0.498629 -38.1729 -0.864176 -0.506321 -20.7494 -44.7849 8.57837 24.3701 -4.68525 -64.7274 6.40609 -12.7585 -29.2611) #f(47.96 -28.4742 -77.8445 27.2114 -6.35267 -2.11607 12.6432 -7.84283 -21.698 50.707 -31.2052 7.87998 4.81214 1.58294 7.22266 -4.14108 28.4237 1.35871 94.4878 -31.6294 -0.825665 -46.2325 -0.609758 -0.274426 -23.3002 -38.7399 11.7668 25.7958 -2.04307 -69.7323 4.46411 -9.39215 -29.2634) #f(42.335 -28.8033 -65.6685 37.345 6.73492 -1.29954 17.8143 -7.68736 -22.0091 51.1333 -31.5781 7.87125 3.31785 2.21855 15.4651 -2.80624 28.9779 0.642942 78.9515 -33.9122 -2.22703 -54.7214 -0.379126 -0.106873 -25.8304 -32.2634 16.9106 27.2858 0.58068 -74.1554 2.64702 -5.94892 -29.4231) #f(35.5637 -29.7868 -52.2596 48.6716 20.0273 -0.321356 23.5679 -7.25016 -22.8081 51.7888 -31.8287 7.60353 1.60998 3.13729 23.5337 -1.28842 29.5386 0.212741 62.8668 -37.0552 -3.70208 -63.3775 -0.181743 -0.016641 -28.2537 -25.657 23.7079 28.8565 3.10798 -77.8061 1.03703 -2.5461 -29.7309) #f(27.7444 -31.2806 -38.2032 60.4142 32.9369 0.766326 29.5838 -6.62453 -24.0005 52.6063 -31.9596 7.10493 -0.205487 4.41393 31.115 0.355872 30.0906 0.264292 46.6666 -40.9879 -5.2612 -71.9388 -0.022086 -0.008999 -30.503 -19.258 31.5766 30.5453 5.48859 -80.5829 -0.310989 0.715637 -30.1495) #f(19.0491 -33.0756 -24.1686 71.6669 44.8958 1.89831 35.4979 -5.93413 -25.4417 53.4947 -31.9853 6.43198 -2.00491 6.10861 37.9434 2.0606 30.6203 0.989133 30.7744 -45.5755 -6.91646 -80.1549 0.099451 -0.082377 -32.5283 -13.4013 39.788 32.3952 7.69336 -82.4561 -1.36699 3.75296 -30.6234) #f(9.71252 -34.941 -10.8173 81.5244 55.4138 3.00628 40.9577 -5.3043 -26.9657 54.3561 -31.925 5.65709 -3.66522 8.25029 43.8134 3.75896 31.1154 2.53102 15.5964 -50.6278 -8.66917 -87.7991 0.185598 -0.229278 -34.2943 -8.38112 47.6033 34.439 9.70724 -83.4495 -2.12294 6.50033 -31.0901) #f(0.021602 -36.6675 1.28742 89.2108 64.1373 4.02871 45.6788 -4.83344 -28.4135 55.1029 -31.7961 4.85576 -5.08214 10.8202 48.5905 5.39215 31.564 4.94279 1.51307 -55.9092 -10.4975 -94.6795 0.241256 -0.437211 -35.778 -4.41274 54.4103 36.6832 11.5222 -83.6214 -2.59008 8.91054 -31.4904) #f(-9.69608 -38.1081 11.7671 94.2024 70.9027 4.92027 49.497 -4.56612 -29.6608 55.6733 -31.6077 4.09446 -6.18741 13.7368 52.2225 6.91764 31.955 8.14657 -11.129 -61.1489 -12.345 -100.65 0.272559 -0.689642 -36.9661 -1.59657 59.8524 39.0934 13.1306 -83.0476 -2.79602 10.9551 -31.7783) #f(-19.0899 -39.1945 20.4616 96.2821 75.7474 5.65596 52.3862 -4.48488 -30.6314 56.0389 -31.3586 3.42334 -6.95544 16.8567 54.7373 8.31267 32.2778 11.9293 -22.0281 -66.0574 -14.1211 -105.615 0.286085 -0.967288 -37.8537 0.089542 63.8727 41.5931 14.5219 -81.8094 -2.78116 12.623 -31.9264) #f(-27.8123 -39.9197 27.3917 95.5003 78.8607 6.2281 54.4292 -4.52725 -31.2915 56.1994 -31.0421 2.87555 -7.39555 19.9966 56.2249 9.57106 32.5238 15.9862 -30.9419 -70.3513 -15.7168 -109.522 0.288279 -1.24987 -38.4431 0.76002 66.6446 44.0805 15.6841 -79.9915 -2.59398 13.9181 -31.9229) #f(-35.5474 -40.3141 32.7071 92.118 80.5234 6.64186 55.7789 -4.60799 -31.6415 56.1755 -30.6514 2.46805 -7.54131 22.9603 56.8154 10.6987 32.6872 19.9736 -37.7029 -73.78 -17.0238 -112.358 0.284925 -1.51798 -38.7432 0.583681 68.4781 46.4489 16.6064 -77.6816 -2.28619 14.8556 -31.7684) #f(-42.0385 -40.4212 36.6345 86.5489 81.0464 6.91077 56.6187 -4.6413 -31.7065 56.0017 -30.1857 2.20229 -7.43984 25.5651 56.6579 11.7089 32.7662 23.5624 -42.2328 -76.1524 -17.9536 -114.14 0.280609 -1.75489 -38.7687 -0.254299 69.7273 48.6069 17.2814 -74.9695 -1.90783 15.4588 -31.472) #f(-47.1165 -40.2738 39.4257 79.3017 80.7105 7.05224 57.1242 -4.56302 -31.5271 55.7184 -29.6558 2.06501 -7.14118 27.6685 55.8985 12.6183 32.7648 26.4909 -44.5587 -77.3633 -18.4566 -114.908 0.278193 -1.94842 -38.5396 -1.59027 70.6969 50.4995 17.708 -71.9468 -1.50241 15.7554 -31.0473) #f(-50.7198 -39.8752 41.3133 70.9267 79.7167 7.0837 57.4305 -4.34802 -31.1518 55.3658 -29.0878 2.02961 -6.68933 29.1889 54.6625 13.4425 32.6927 28.6071 -44.8209 -77.4122 -18.5363 -114.72 0.278445 -2.09234 -38.08 -3.31237 71.5674 52.1225 17.8929 -68.7061 -1.10297 15.7753 -30.5094) #f(-52.8852 -39.2019 42.4953 61.9779 78.1834 7.0211 57.626 -4.00907 -30.6314 54.9805 -28.5213 2.06004 -6.12004 30.1053 53.0523 14.1949 32.5646 29.8682 -43.2559 -76.393 -18.2441 -113.645 0.280332 -2.18591 -37.4177 -5.36101 72.3912 53.5172 17.8506 -65.3396 -0.731766 15.5489 -29.8739) #f(-53.7195 -38.2192 43.1384 52.9841 76.1696 6.87879 57.7606 -3.58448 -30.0165 54.5941 -28.0017 2.11627 -5.46265 30.4423 51.1532 14.8873 32.3978 30.3149 -40.1646 -74.4652 -17.663 -111.766 0.28169 -2.23244 -36.5826 -7.71138 73.1301 54.7521 17.6022 -61.9368 -0.40212 15.107 -29.1572) #f(-53.3714 -36.8973 43.3817 44.4213 73.7013 6.66958 57.8566 -3.12503 -29.3537 54.232 -27.5742 2.15976 -4.74224 30.2561 49.0412 15.5294 32.2097 30.0437 -35.8786 -71.824 -16.8901 -109.176 0.279934 -2.23772 -35.6063 -10.3547 73.6972 55.9039 17.1738 -58.5831 -0.120465 14.4806 -28.3768) #f(-52.0019 -35.2276 43.3406 36.6845 70.7965 6.40474 57.9181 -2.68078 -28.6834 53.9124 -27.276 2.159 -3.98171 29.6187 46.7899 16.1299 32.0154 29.1793 -30.7266 -68.6709 -16.019 -105.975 0.272756 -2.20844 -34.5202 -13.2795 73.9979 57.0386 16.5949 -55.3572 0.111652 13.7011 -27.5515) #f(-49.7566 -33.2383 43.1109 30.0611 67.491 6.094 57.9411 -2.28842 -28.0367 53.6446 -27.1304 2.0948 -3.20388 28.6033 44.477 16.6963 31.8254 27.8476 -25.0024 -65.1844 -15.1237 -102.272 0.258812 -2.15069 -33.3553 -16.4536 73.9696 58.1927 15.8974 -52.3298 0.295582 12.7997 -26.7022) #f(-46.7502 -30.9997 42.7714 24.7202 63.8508 5.7457 57.9206 -1.96436 -27.4335 53.4298 -27.1432 1.96251 -2.43245 27.2759 42.187 17.2351 31.6446 26.1584 -18.9459 -61.5037 -14.249 -98.1777 0.238055 -2.0691 -32.1408 -19.8151 73.6037 59.3649 15.1136 -49.5611 0.434146 11.8074 -25.8513) #f(-43.0723 -28.6119 42.3854 20.7278 59.967 5.36697 57.8535 -1.70757 -26.8838 53.2624 -27.3064 1.76905 -1.69116 25.6939 40.0047 17.7518 31.4734 24.205 -12.7471 -57.7315 -13.4147 -93.8064 0.211522 -1.96701 -30.9041 -23.2797 72.9373 60.5235 14.275 -47.0995 0.531119 10.7544 -25.0212) #f(-38.7991 -26.1883 42.0004 18.0699 55.9436 4.96406 57.7396 -1.50487 -26.3891 53.1329 -27.6024 1.52863 -1.00253 23.9091 38.0073 18.2503 31.3097 22.0673 -6.55647 -53.9434 -12.6231 -89.2714 0.180956 -1.84701 -29.6702 -26.7508 72.0367 61.6177 13.4103 -44.9797 0.59095 9.66914 -24.233) #f(-34.0041 -23.8388 41.6495 16.6747 51.8871 4.54258 57.584 -1.33627 -25.9431 53.0297 -28.009 1.2585 -0.386566 21.9695 36.2562 18.7327 31.1505 19.8151 -0.494544 -50.196 -11.8661 -84.6821 0.148449 -1.71134 -28.4616 -30.1311 70.9811 62.5895 12.5445 -43.2209 0.618485 8.5776 -23.5049) #f(-28.7699 -21.6533 41.3515 16.4354 47.895 4.10776 57.3981 -1.18031 -25.5337 52.9423 -28.5043 0.974607 0.140534 19.9215 34.7894 19.199 30.9941 17.5122 5.33779 -46.536 -11.1331 -80.1416 0.116062 -1.56247 -27.2982 -33.3326 69.8465 63.385 11.6968 -41.8256 0.618689 7.5028 -22.85) #f(-23.1972 -19.6877 41.1116 17.23 44.0461 3.66478 57.2007 -1.01886 -25.1445 52.8628 -29.0706 0.688014 0.567499 17.8114 33.6146 19.647 30.8408 15.2187 10.8508 -43.0076 -10.4169 -75.7439 0.085506 -1.40342 -26.1966 -36.2869 68.6914 63.9649 10.8797 -40.7777 0.596401 6.46406 -22.2757) #f(-17.4069 -17.9629 40.9246 18.9284 40.399 3.21894 57.0159 -0.83928 -24.757 52.7868 -29.6947 0.40466 0.888423 15.6859 32.7118 20.0727 30.6937 12.9913 15.9638 -39.655 -9.71653 -71.572 0.058008 -1.23789 -25.1705 -38.9473 67.5537 64.3082 10.0993 -40.0455 0.556218 5.47703 -21.7835) #f(-11.534 -16.4736 40.7782 21.3895 36.9957 2.7759 56.8694 -0.634603 -24.354 52.7124 -30.3662 0.127578 1.10265 13.5909 32.0415 20.4708 30.5573 10.8815 20.6085 -36.5205 -9.03564 -67.6966 0.03433 -1.07002 -24.2305 -41.2868 66.4558 64.4118 9.35811 -39.5852 0.502483 4.55417 -21.3703) #f(-5.72233 -15.1978 40.6572 24.4579 33.8659 2.34193 56.7838 -0.403561 -23.9227 52.64 -31.0749 -0.140646 1.2146 11.5697 31.554 20.8357 30.436 8.93386 24.7327 -33.6422 -8.3817 -64.1747 0.014806 -0.904158 -23.3848 -43.2956 65.4099 64.2889 8.65691 -39.3459 0.439284 3.70529 -21.0299) #f(-0.118851 -14.1067 40.5473 27.9602 31.0318 1.92406 56.7745 -0.150597 -23.4578 52.5709 -31.8085 -0.395408 1.23366 9.66257 31.1979 21.1627 30.3335 7.18324 28.3034 -31.0521 -7.76442 -61.0486 -0.000632 -0.744676 -22.6384 -44.9782 64.424 63.9676 7.99702 -39.2744 0.370453 2.93806 -20.7543) #f(5.13224 -13.1739 40.4395 31.7018 28.5121 1.53036 56.8452 0.114168 -22.965 52.5072 -32.5505 -0.627721 1.17392 7.90461 30.9294 21.4481 30.2512 5.65342 31.3107 -28.7743 -7.19457 -58.3442 -0.012414 -0.5957 -21.9944 -46.3508 63.5072 63.4902 7.38262 -39.3189 0.299558 2.25853 -20.5355) #f(9.89647 -12.3814 40.3314 35.4705 26.3243 1.16967 56.9866 0.375814 -22.4615 52.4508 -33.2791 -0.823685 1.05357 6.32509 30.7178 21.6902 30.1876 4.35582 33.7689 -26.8226 -6.68271 -56.0709 -0.021268 -0.460909 -21.4531 -47.4385 62.6729 62.9098 6.82171 -39.4335 0.229877 1.6713 -20.3658) #f(14.0587 -11.7188 40.2265 39.0532 24.4818 0.850719 57.1791 0.617266 -21.9722 52.4032 -33.9694 -0.967729 0.893199 4.94602 30.5446 21.8893 30.1394 3.29057 35.7127 -25.201 -6.23806 -54.2221 -0.028087 -0.343322 -21.0124 -48.2732 61.937 62.2853 6.32451 -39.5792 0.164304 1.17908 -20.2383) #f(17.5332 -11.1801 40.1314 42.2572 22.9905 0.580887 57.3976 0.822484 -21.5251 52.3653 -34.5963 -1.04704 0.71381 3.78108 30.3999 22.0472 30.1021 2.44813 37.1928 -23.9026 -5.86748 -52.7771 -0.03377 -0.245086 -20.6676 -48.8909 61.3144 61.6745 5.90111 -39.7248 0.105252 0.782078 -20.1467) #f(20.2744 -10.7602 40.0531 44.9321 21.8445 0.365002 57.6162 0.979674 -21.1455 52.3373 -35.1373 -1.05604 0.534831 2.83445 30.2801 22.167 30.0716 1.81098 38.2703 -22.9102 -5.57437 -51.7022 -0.039069 -0.167271 -20.4114 -49.3292 60.8155 61.128 5.5591 -39.8485 0.054539 0.477321 -20.0849) #f(22.2869 -10.4519 39.9965 46.9907 21.0223 0.204141 57.8131 1.08449 -20.8508 52.3184 -35.5758 -1.00084 0.372118 2.09965 30.1837 22.2534 30.0449 1.35527 39.0121 -22.1955 -5.3576 -50.9519 -0.044435 -0.10966 -20.2336 -49.625 60.4431 60.6826 5.30118 -39.9382 0.013289 0.258017 -20.047) #f(23.6334 -10.2428 39.9621 48.4269 20.4837 0.094639 57.9744 1.1426 -20.6466 52.3066 -35.9036 -0.902486 0.236178 1.55879 30.1095 22.3116 30.0214 1.05251 39.4857 -21.7198 -5.21069 -50.4714 -0.049883 -0.07059 -20.1209 -49.8121 60.189 60.3555 5.12311 -39.9922 -0.018159 0.113096 -20.027) #f(24.428 -10.1152 39.946 49.3116 20.1724 0.028471 58.0953 1.16818 -20.5253 52.2992 -36.1225 -0.792642 0.131746 1.18419 30.0545 22.3476 30.0022 0.871278 39.7565 -21.4359 -5.12226 -50.199 -0.055036 -0.047105 -20.0583 -49.9203 60.0348 60.1444 5.01391 -40.0175 -0.040221 0.027921 -20.019) #f(24.8154 -10.0482 39.942 49.7677 20.0239 -0.005118 58.1779 1.17878 -20.4701 52.2936 -36.2445 -0.702431 0.058585 0.942152 30.0148 22.3675 29.9891 0.779061 39.8857 -21.2926 -5.0778 -50.072 -0.059306 -0.035379 -20.0302 -49.9752 59.9558 60.0314 4.958 -40.0255 -0.053935 -0.013934 -20.0177) #f(24.9491 -10.02 39.9432 49.9433 19.9737 -0.017846 58.2289 1.18968 -20.4583 52.2881 -36.292 -0.65041 0.01244 0.797058 29.9865 22.3771 29.9829 0.744012 39.9289 -21.2393 -5.06147 -50.0313 -0.062104 -0.031186 -20.0218 -49.9984 59.925 59.9887 4.93769 -40.0271 -0.060819 -0.028787 -20.019) #f(24.9687 -10.0101 39.9449 49.9844 19.9661 -0.020611 58.2571 1.20833 -20.4651 52.2829 -36.298 -0.630559 -0.01401 0.715384 29.9656 22.3815 29.9821 0.736769 39.9344 -21.2302 -5.05801 -50.0267 -0.063039 -0.030356 -20.0209 -50.0075 59.917 59.9833 4.93552 -40.0287 -0.06272 -0.030934 -20.02)))
(setq *bspline-tm-list* '(2.0 1.96 1.92 1.88 1.84 1.8 1.76 1.72 1.68 1.64 1.6 1.56 1.52 1.48 1.44 1.4 1.36 1.32 1.28 1.24 1.2 1.16 1.12 1.08 1.04 1.0 0.96 0.92 0.88 0.84 0.8 0.76 0.72 0.68 0.64 0.6 0.56 0.52 0.48 0.44 0.4 0.36 0.32 0.28 0.24 0.2 0.16 0.12 0.08 0.04 0.0))
(setq *bspline-zmp-rc-list* '(#f(91.5579 80.0033 -938.156) #f(152.679 74.0449 -934.139) #f(214.615 58.1191 -930.129) #f(260.652 34.0245 -927.364) #f(272.827 7.43896 -927.115) #f(227.928 -13.3469 -930.605) #f(105.47 -17.0777 -938.13) #f(-101.071 9.76776 -948.444) #f(-351.987 72.4663 -958.375) #f(-505.527 145.428 -962.658) #f(-427.194 170.117 -958.707) #f(-200.27 119.967 -950.442) #f(-5.33229 32.9458 -943.201) #f(96.447 -42.3993 -939.084) #f(133.795 -82.18 -937.482) #f(150.231 -61.3364 -935.198) #f(183.265 47.789 -926.405) #f(236.682 204.638 -910.752) #f(270.991 312.176 -898.583) #f(261.085 338.573 -896.896) #f(220.57 316.572 -902.938) #f(173.955 276.506 -911.626) #f(136.916 227.032 -920.129) #f(109.111 170.805 -927.638) #f(84.233 112.03 -933.936) #f(58.6175 56.536 -938.792) #f(32.0289 11.6256 -942.036) #f(7.30702 -15.7324 -943.729) #f(-10.575 -23.9241 -944.258) #f(-17.3128 -19.1364 -944.162) #f(-12.6207 -8.8439 -943.839) #f(0.011903 1.3966 -943.477) #f(15.1705 8.76953 -943.125) #f(27.513 13.0945 -942.801) #f(33.7161 15.9484 -942.532) #f(33.2562 19.047 -942.339) #f(27.741 23.0035 -942.224) #f(19.8864 26.833 -942.175) #f(12.5034 28.0621 -942.205) #f(7.62445 24.9004 -942.332) #f(5.99637 18.9711 -942.497) #f(7.304 13.3208 -942.594) #f(10.5481 11.3389 -942.501) #f(14.4127 16.6064 -942.09) #f(17.654 32.0431 -941.221) #f(19.725 55.9936 -939.895) #f(20.7991 82.7541 -938.292) #f(21.2539 106.29 -936.692) #f(21.5141 120.753 -935.486) #f(21.914 125.085 -934.863) #f(7.23398 53.437 -939.678)))
(setq *bspline-cog-wc-list* '(#1=#f(-57.5706 268.819 1096.84) #1# #1# #1# #1# #1# #1# #1# #1# #1# #1# #1# #1# #1# #1# #1# #1# #1# #1# #1# #1# #1# #1# #1# #1# #1# #1# #1# #1# #1# #1# #1# #1# #1# #1# #1# #1# #1# #1# #1# #1# #1# #1# #1# #1# #1# #1# #1# #1# #1# #1#))
(setq *bspline-rc-list* '(#s(coordinates plist nil rot #2f((-0.022274 -0.999726 -0.00722) (0.998168 -0.022644 0.056107) (-0.056255 -0.005957 0.998399)) pos #f(-58.8509 269.44 942.281)) #s(coordinates plist nil rot #2f((-0.021715 -0.999701 -0.011284) (0.99807 -0.022334 0.057936) (-0.058171 -0.010004 0.998257)) pos #f(-63.06 271.593 942.132)) #s(coordinates plist nil rot #2f((-0.021105 -0.999676 -0.014228) (0.997983 -0.021917 0.059586) (-0.059878 -0.012941 0.998122)) pos #f(-66.4613 273.39 941.985)) #s(coordinates plist nil rot #2f((-0.020238 -0.99967 -0.015811) (0.997946 -0.021159 0.060458) (-0.060773 -0.014555 0.998045)) pos #f(-69.1789 274.292 941.887)) #s(coordinates plist nil rot #2f((-0.018484 -0.999702 -0.015947) (0.99801 -0.01941 0.059986) (-0.060278 -0.014807 0.998072)) pos #f(-71.4444 273.718 941.882)) #s(coordinates plist nil rot #2f((-0.01456 -0.999786 -0.014701) (0.998209 -0.015387 0.057811) (-0.058025 -0.013832 0.998219)) pos #f(-73.5117 271.231 941.989)) #s(coordinates plist nil rot #2f((-0.006304 -0.999905 -0.012298) (0.998519 -0.006959 0.053953) (-0.054034 -0.01194 0.998468)) pos #f(-75.5788 266.699 942.187)) #s(coordinates plist nil rot #2f((0.009485 -0.999913 -0.009136) (0.99876 0.009027 0.048956) (-0.048869 -0.009589 0.998759)) pos #f(-77.7215 260.443 942.421)) #s(coordinates plist nil rot #2f((0.036735 -0.999309 -0.005743) (0.998373 0.036449 0.043842) (-0.043602 -0.007344 0.999022)) pos #f(-79.8842 253.218 942.623)) #s(coordinates plist nil rot #2f((0.079231 -0.996853 -0.002666) (0.996072 0.079062 0.039883) (-0.039547 -0.005816 0.999201)) pos #f(-81.9063 246.037 942.742)) #s(coordinates plist nil rot #2f((0.139583 -0.99021 -0.000309) (0.989483 0.139469 0.038366) (-0.037947 -0.005661 0.999264)) pos #f(-83.5104 239.994 942.753)) #s(coordinates plist nil rot #2f((0.218091 -0.975928 0.001256) (0.975123 0.217963 0.040351) (-0.039653 -0.007576 0.999185)) pos #f(-84.2767 236.079 942.634)) #s(coordinates plist nil rot #2f((0.311622 -0.950203 0.002384) (0.94915 0.311393 0.046359) (-0.044793 -0.012184 0.998922)) pos #f(-83.6941 234.924 942.347)) #s(coordinates plist nil rot #2f((0.413242 -0.910613 0.003755) (0.909101 0.412787 0.056059) (-0.052598 -0.019752 0.99842)) pos #f(-81.3663 236.516 941.836)) #s(coordinates plist nil rot #2f((0.513778 -0.857902 0.006021) (0.855705 0.512942 0.068262) (-0.06165 -0.029919 0.997649)) pos #f(-77.2763 240.144 941.068)) #s(coordinates plist nil rot #2f((0.604403 -0.796623 0.009421) (0.793566 0.603043 0.081192) (-0.07036 -0.041597 0.996654)) pos #f(-71.9857 244.593 940.088)) #s(coordinates plist nil rot #2f((0.678889 -0.734115 0.013611) (0.730148 0.676943 0.092905) (-0.077417 -0.053134 0.995582)) pos #f(-66.6169 248.472 939.039)) #s(coordinates plist nil rot #2f((0.734726 -0.67813 0.017813) (0.673385 0.732257 0.101743) (-0.082039 -0.062758 0.994651)) pos #f(-62.5114 250.591 938.14)) #s(coordinates plist nil rot #2f((0.772947 -0.634116 0.021199) (0.628887 0.770141 0.106696) (-0.083983 -0.069139 0.994066)) pos #f(-60.6532 250.241 937.593)) #s(coordinates plist nil rot #2f((0.79685 -0.60373 0.02326) (0.5984 0.793956 0.107481) (-0.083357 -0.071727 0.993935)) pos #f(-61.2492 247.25 937.505)) #s(coordinates plist nil rot #2f((0.810457 -0.58531 0.023918) (0.580254 0.807722 0.104359) (-0.080402 -0.0707 0.994252)) pos #f(-63.7575 241.826 937.864)) #s(coordinates plist nil rot #2f((0.817701 -0.575166 0.02342) (0.570679 0.81531 0.09795) (-0.075432 -0.066729 0.994916)) pos #f(-67.1675 234.424 938.564)) #s(coordinates plist nil rot #2f((0.822037 -0.569003 0.02215) (0.565256 0.820092 0.089079) (-0.068851 -0.060706 0.995778)) pos #f(-70.3674 225.646 939.454)) #s(coordinates plist nil rot #2f((0.82605 -0.563225 0.020465) (0.560267 0.82457 0.078645) (-0.061169 -0.053499 0.996693)) pos #f(-72.4895 216.154 940.382)) #s(coordinates plist nil rot #2f((0.831052 -0.555884 0.018613) (0.553668 0.829998 0.067487) (-0.052963 -0.04578 0.997547)) pos #f(-73.1293 206.588 941.235)) #s(coordinates plist nil rot #2f((0.837154 -0.546711 0.016753) (0.545128 0.836458 0.056336) (-0.044813 -0.03803 0.998271)) pos #f(-72.3045 197.516 941.946)) #s(coordinates plist nil rot #2f((0.843693 -0.536615 0.015011) (0.535532 0.843272 0.045808) (-0.037239 -0.030609 0.998837)) pos #f(-70.2915 189.426 942.489)) #s(coordinates plist nil rot #2f((0.849664 -0.527152 0.013505) (0.526433 0.849437 0.0364) (-0.03066 -0.023819 0.999246)) pos #f(-67.4769 182.711 942.867)) #s(coordinates plist nil rot #2f((0.85411 -0.519946 0.012344) (0.519474 0.854011 0.028498) (-0.025359 -0.017928 0.999518)) pos #f(-64.245 177.662 943.106)) #s(coordinates plist nil rot #2f((0.856445 -0.516108 0.011596) (0.515791 0.856422 0.022382) (-0.021482 -0.013188 0.999682)) pos #f(-60.8949 174.471 943.237)) #s(coordinates plist nil rot #2f((0.856579 -0.515893 0.011257) (0.515664 0.856597 0.018228) (-0.019047 -0.009809 0.99977)) pos #f(-57.611 173.225 943.296)) #s(coordinates plist nil rot #2f((0.854808 -0.518823 0.011252) (0.518634 0.854845 0.01611) (-0.017977 -0.007936 0.999807)) pos #f(-54.4913 173.92 943.306)) #s(coordinates plist nil rot #2f((0.851673 -0.523948 0.011452) (0.523759 0.851716 0.015988) (-0.018131 -0.007619 0.999807)) pos #f(-51.5742 176.465 943.284)) #s(coordinates plist nil rot #2f((0.847847 -0.530111 0.011716) (0.529889 0.847882 0.017702) (-0.019318 -0.008801 0.999775)) pos #f(-48.8523 180.69 943.235)) #s(coordinates plist nil rot #2f((0.843997 -0.536215 0.01193) (0.535924 0.844006 0.020965) (-0.02131 -0.011301 0.999709)) pos #f(-46.2794 186.35 943.156)) #s(coordinates plist nil rot #2f((0.840654 -0.541439 0.01204) (0.541047 0.840609 0.025369) (-0.023856 -0.014812 0.999606)) pos #f(-43.7804 193.144 943.043)) #s(coordinates plist nil rot #2f((0.838158 -0.545295 0.012056) (0.544775 0.83803 0.030424) (-0.026694 -0.018932 0.999464)) pos #f(-41.2667 200.734 942.896)) #s(coordinates plist nil rot #2f((0.836676 -0.547566 0.012029) (0.5469 0.83644 0.035629) (-0.029571 -0.023231 0.999293)) pos #f(-38.6559 208.775 942.72)) #s(coordinates plist nil rot #2f((0.836231 -0.548245 0.01202) (0.547426 0.835872 0.040539) (-0.032273 -0.02732 0.999106)) pos #f(-35.8963 216.945 942.532)) #s(coordinates plist nil rot #2f((0.83674 -0.547468 0.012075) (0.546504 0.836255 0.044838) (-0.034645 -0.030919 0.998921)) pos #f(-32.9904 224.974 942.35)) #s(coordinates plist nil rot #2f((0.838049 -0.545459 0.012196) (0.544365 0.837451 0.048401) (-0.036614 -0.033923 0.998754)) pos #f(-30.0157 232.668 942.186)) #s(coordinates plist nil rot #2f((0.839974 -0.542486 0.012336) (0.541281 0.839274 0.051321) (-0.038194 -0.036431 0.998606)) pos #f(-27.1253 239.927 942.044)) #s(coordinates plist nil rot #2f((0.842315 -0.538843 0.012415) (0.537539 0.841518 0.053846) (-0.039462 -0.038681 0.998472)) pos #f(-24.5145 246.72 941.916)) #s(coordinates plist nil rot #2f((0.844866 -0.534836 0.012349) (0.533441 0.843962 0.056287) (-0.040526 -0.040968 0.998338)) pos #f(-22.3768 253.055 941.788)) #s(coordinates plist nil rot #2f((0.847425 -0.530778 0.012071) (0.529291 0.846391 0.058927) (-0.041494 -0.043547 0.998189)) pos #f(-20.8616 258.947 941.644)) #s(coordinates plist nil rot #2f((0.849804 -0.526972 0.011561) (0.525387 0.848607 0.061926) (-0.042444 -0.046551 0.998014)) pos #f(-20.0333 264.389 941.472)) #s(coordinates plist nil rot #2f((0.851835 -0.523698 0.010858) (0.522009 0.850441 0.065242) (-0.043401 -0.049907 0.99781)) pos #f(-19.8395 269.318 941.27)) #s(coordinates plist nil rot #2f((0.853392 -0.521173 0.010054) (0.519381 0.851781 0.068644) (-0.04434 -0.053358 0.997591)) pos #f(-20.1237 273.622 941.049)) #s(coordinates plist nil rot #2f((0.854422 -0.519498 0.009265) (0.51761 0.852598 0.071806) (-0.045202 -0.056557 0.997376)) pos #f(-20.6732 277.172 940.832)) #s(coordinates plist nil rot #2f((0.854977 -0.518594 0.008597) (0.516629 0.85297 0.074412) (-0.045923 -0.059179 0.997191)) pos #f(-21.2708 279.863 940.645)) #s(coordinates plist nil rot #2f((0.855252 -0.518149 0.008125) (0.516127 0.85311 0.076263) (-0.046447 -0.06103 0.997055)) pos #f(-21.7448 281.645 940.507))))
(setq *bspline-wc-list* '(#s(coordinates plist nil rot #2f((-0.022274 -0.999726 -0.00722) (0.998168 -0.022644 0.056107) (-0.056255 -0.005957 0.998399)) pos #f(-51.4974 212.295 -74.5885)) #s(coordinates plist nil rot #2f((-0.021715 -0.999701 -0.011284) (0.99807 -0.022334 0.057936) (-0.058171 -0.010004 0.998257)) pos #f(-51.5677 212.585 -74.5918)) #s(coordinates plist nil rot #2f((-0.021105 -0.999676 -0.014228) (0.997983 -0.021917 0.059586) (-0.059878 -0.012941 0.998122)) pos #f(-51.9706 212.702 -74.6023)) #s(coordinates plist nil rot #2f((-0.020238 -0.99967 -0.015811) (0.997946 -0.021159 0.060458) (-0.060773 -0.014555 0.998045)) pos #f(-53.0749 212.715 -74.6223)) #s(coordinates plist nil rot #2f((-0.018484 -0.999702 -0.015947) (0.99801 -0.01941 0.059986) (-0.060278 -0.014807 0.998072)) pos #f(-55.2021 212.622 -74.6537)) #s(coordinates plist nil rot #2f((-0.01456 -0.999786 -0.014701) (0.998209 -0.015387 0.057811) (-0.058025 -0.013832 0.998219)) pos #f(-58.5392 212.351 -74.6974)) #s(coordinates plist nil rot #2f((-0.006304 -0.999905 -0.012298) (0.998519 -0.006959 0.053953) (-0.054034 -0.01194 0.998468)) pos #f(-63.053 211.748 -74.7522)) #s(coordinates plist nil rot #2f((0.009485 -0.999913 -0.009136) (0.99876 0.009027 0.048956) (-0.048869 -0.009589 0.998759)) pos #f(-68.4162 210.582 -74.8151)) #s(coordinates plist nil rot #2f((0.036735 -0.999309 -0.005743) (0.998373 0.036449 0.043842) (-0.043602 -0.007344 0.999022)) pos #f(-74.0352 208.565 -74.881)) #s(coordinates plist nil rot #2f((0.079231 -0.996853 -0.002666) (0.996072 0.079062 0.039883) (-0.039547 -0.005816 0.999201)) pos #f(-79.1907 205.417 -74.9438)) #s(coordinates plist nil rot #2f((0.139583 -0.99021 -0.000309) (0.989483 0.139469 0.038366) (-0.037947 -0.005661 0.999264)) pos #f(-83.1961 200.919 -74.997)) #s(coordinates plist nil rot #2f((0.218091 -0.975928 0.001256) (0.975123 0.217963 0.040351) (-0.039653 -0.007576 0.999185)) pos #f(-85.5558 194.982 -75.0354)) #s(coordinates plist nil rot #2f((0.311622 -0.950203 0.002384) (0.94915 0.311393 0.046359) (-0.044793 -0.012184 0.998922)) pos #f(-86.122 187.707 -75.0552)) #s(coordinates plist nil rot #2f((0.413242 -0.910613 0.003755) (0.909101 0.412787 0.056059) (-0.052598 -0.019752 0.99842)) pos #f(-85.1912 179.419 -75.0554)) #s(coordinates plist nil rot #2f((0.513778 -0.857902 0.006021) (0.855705 0.512942 0.068262) (-0.06165 -0.029919 0.997649)) pos #f(-83.4087 170.62 -75.0375)) #s(coordinates plist nil rot #2f((0.604403 -0.796623 0.009421) (0.793566 0.603043 0.081192) (-0.07036 -0.041597 0.996654)) pos #f(-81.5805 161.9 -75.0045)) #s(coordinates plist nil rot #2f((0.678889 -0.734115 0.013611) (0.730148 0.676943 0.092905) (-0.077417 -0.053134 0.995582)) pos #f(-80.4798 153.849 -74.9611)) #s(coordinates plist nil rot #2f((0.734726 -0.67813 0.017813) (0.673385 0.732257 0.101743) (-0.082039 -0.062758 0.994651)) pos #f(-80.6539 146.965 -74.9122)) #s(coordinates plist nil rot #2f((0.772947 -0.634116 0.021199) (0.628887 0.770141 0.106696) (-0.083983 -0.069139 0.994066)) pos #f(-82.2439 141.572 -74.863)) #s(coordinates plist nil rot #2f((0.79685 -0.60373 0.02326) (0.5984 0.793956 0.107481) (-0.083357 -0.071727 0.993935)) pos #f(-84.9396 137.781 -74.8182)) #s(coordinates plist nil rot #2f((0.810457 -0.58531 0.023918) (0.580254 0.807722 0.104359) (-0.080402 -0.0707 0.994252)) pos #f(-88.1183 135.536 -74.782)) #s(coordinates plist nil rot #2f((0.817701 -0.575166 0.02342) (0.570679 0.81531 0.09795) (-0.075432 -0.066729 0.994916)) pos #f(-91.0206 134.662 -74.7575)) #s(coordinates plist nil rot #2f((0.822037 -0.569003 0.02215) (0.565256 0.820092 0.089079) (-0.068851 -0.060706 0.995778)) pos #f(-92.9269 134.918 -74.7466)) #s(coordinates plist nil rot #2f((0.82605 -0.563225 0.020465) (0.560267 0.82457 0.078645) (-0.061169 -0.053499 0.996693)) pos #f(-93.333 136.055 -74.7498)) #s(coordinates plist nil rot #2f((0.831052 -0.555884 0.018613) (0.553668 0.829998 0.067487) (-0.052963 -0.04578 0.997547)) pos #f(-92.0862 137.853 -74.766)) #s(coordinates plist nil rot #2f((0.837154 -0.546711 0.016753) (0.545128 0.836458 0.056336) (-0.044813 -0.03803 0.998271)) pos #f(-89.3674 140.138 -74.7929)) #s(coordinates plist nil rot #2f((0.843693 -0.536615 0.015011) (0.535532 0.843272 0.045808) (-0.037239 -0.030609 0.998837)) pos #f(-85.5798 142.771 -74.827)) #s(coordinates plist nil rot #2f((0.849664 -0.527152 0.013505) (0.526433 0.849437 0.0364) (-0.03066 -0.023819 0.999246)) pos #f(-81.2314 145.637 -74.8649)) #s(coordinates plist nil rot #2f((0.85411 -0.519946 0.012344) (0.519474 0.854011 0.028498) (-0.025359 -0.017928 0.999518)) pos #f(-76.8171 148.637 -74.9031)) #s(coordinates plist nil rot #2f((0.856445 -0.516108 0.011596) (0.515791 0.856422 0.022382) (-0.021482 -0.013188 0.999682)) pos #f(-72.7053 151.675 -74.9389)) #s(coordinates plist nil rot #2f((0.856579 -0.515893 0.011257) (0.515664 0.856597 0.018228) (-0.019047 -0.009809 0.99977)) pos #f(-69.0767 154.66 -74.9707)) #s(coordinates plist nil rot #2f((0.854808 -0.518823 0.011252) (0.518634 0.854845 0.01611) (-0.017977 -0.007936 0.999807)) pos #f(-65.9511 157.512 -74.9974)) #s(coordinates plist nil rot #2f((0.851673 -0.523948 0.011452) (0.523759 0.851716 0.015988) (-0.018131 -0.007619 0.999807)) pos #f(-63.2377 160.181 -75.019)) #s(coordinates plist nil rot #2f((0.847847 -0.530111 0.011716) (0.529889 0.847882 0.017702) (-0.019318 -0.008801 0.999775)) pos #f(-60.7848 162.66 -75.0355)) #s(coordinates plist nil rot #2f((0.843997 -0.536215 0.01193) (0.535924 0.844006 0.020965) (-0.02131 -0.011301 0.999709)) pos #f(-58.4296 164.997 -75.0473)) #s(coordinates plist nil rot #2f((0.840654 -0.541439 0.01204) (0.541047 0.840609 0.025369) (-0.023856 -0.014812 0.999606)) pos #f(-56.0429 167.306 -75.055)) #s(coordinates plist nil rot #2f((0.838158 -0.545295 0.012056) (0.544775 0.83803 0.030424) (-0.026694 -0.018932 0.999464)) pos #f(-53.546 169.748 -75.0588)) #s(coordinates plist nil rot #2f((0.836676 -0.547566 0.012029) (0.5469 0.83644 0.035629) (-0.029571 -0.023231 0.999293)) pos #f(-50.9076 172.487 -75.0593)) #s(coordinates plist nil rot #2f((0.836231 -0.548245 0.01202) (0.547426 0.835872 0.040539) (-0.032273 -0.02732 0.999106)) pos #f(-48.139 175.656 -75.0567)) #s(coordinates plist nil rot #2f((0.83674 -0.547468 0.012075) (0.546504 0.836255 0.044838) (-0.034645 -0.030919 0.998921)) pos #f(-45.2886 179.306 -75.0517)) #s(coordinates plist nil rot #2f((0.838049 -0.545459 0.012196) (0.544365 0.837451 0.048401) (-0.036614 -0.033923 0.998754)) pos #f(-42.4372 183.372 -75.0446)) #s(coordinates plist nil rot #2f((0.839974 -0.542486 0.012336) (0.541281 0.839274 0.051321) (-0.038194 -0.036431 0.998606)) pos #f(-39.6896 187.657 -75.0364)) #s(coordinates plist nil rot #2f((0.842315 -0.538843 0.012415) (0.537539 0.841518 0.053846) (-0.039462 -0.038681 0.998472)) pos #f(-37.1596 191.878 -75.0276)) #s(coordinates plist nil rot #2f((0.844866 -0.534836 0.012349) (0.533441 0.843962 0.056287) (-0.040526 -0.040968 0.998338)) pos #f(-34.9542 195.726 -75.0191)) #s(coordinates plist nil rot #2f((0.847425 -0.530778 0.012071) (0.529291 0.846391 0.058927) (-0.041494 -0.043547 0.998189)) pos #f(-33.1563 198.93 -75.0113)) #s(coordinates plist nil rot #2f((0.849804 -0.526972 0.011561) (0.525387 0.848607 0.061926) (-0.042444 -0.046551 0.998014)) pos #f(-31.8084 201.318 -75.0049)) #s(coordinates plist nil rot #2f((0.851835 -0.523698 0.010858) (0.522009 0.850441 0.065242) (-0.043401 -0.049907 0.99781)) pos #f(-30.8987 202.869 -75.0)) #s(coordinates plist nil rot #2f((0.853392 -0.521173 0.010054) (0.519381 0.851781 0.068644) (-0.04434 -0.053358 0.997591)) pos #f(-30.3641 203.708 -74.9966)) #s(coordinates plist nil rot #2f((0.854422 -0.519498 0.009265) (0.51761 0.852598 0.071806) (-0.045202 -0.056557 0.997376)) pos #f(-30.1093 204.038 -74.9946)) #s(coordinates plist nil rot #2f((0.854977 -0.518594 0.008597) (0.516629 0.85297 0.074412) (-0.045923 -0.059179 0.997191)) pos #f(-30.0273 204.075 -74.9935)) #s(coordinates plist nil rot #2f((0.855252 -0.518149 0.008125) (0.516127 0.85311 0.076263) (-0.046447 -0.06103 0.997055)) pos #f(-30.0197 203.972 -74.9929))))
(setq *bspline-optional-list* '(#f(0.0 1.0 0.0 0.0 1.0 1.0 1.0 1.0) #f(0.0 1.0 0.0 0.0 0.04 0.04 1.0 1.0) #f(0.0 1.0 0.0 0.0 0.08 0.08 1.0 1.0) #f(0.0 1.0 0.0 0.0 0.12 0.12 1.0 1.0) #f(0.0 1.0 0.0 0.0 0.16 0.16 1.0 1.0) #f(0.0 1.0 0.0 0.0 0.2 0.2 1.0 1.0) #f(0.0 1.0 0.0 0.0 0.24 0.24 1.0 1.0) #f(0.0 1.0 0.0 0.0 0.28 0.28 1.0 1.0) #f(0.0 1.0 0.0 0.0 0.32 0.32 1.0 1.0) #f(0.0 1.0 0.0 0.0 0.36 0.36 1.0 1.0) #f(0.0 1.0 0.0 0.0 0.4 0.4 1.0 1.0) #f(0.0 1.0 0.0 0.0 0.44 0.44 1.0 1.0) #f(0.0 1.0 0.0 0.0 0.48 0.48 1.0 1.0) #f(0.0 1.0 0.0 0.0 0.52 0.52 1.0 1.0) #f(0.0 1.0 0.0 0.0 0.56 0.56 1.0 1.0) #f(0.0 1.0 0.0 0.0 0.6 0.6 1.0 1.0) #f(0.0 1.0 0.0 0.0 0.64 0.64 1.0 1.0) #f(0.0 1.0 0.0 0.0 0.68 0.68 1.0 1.0) #f(0.0 1.0 0.0 0.0 0.72 0.72 1.0 1.0) #f(0.0 1.0 0.0 0.0 0.76 0.76 1.0 1.0) #f(0.0 1.0 0.0 0.0 0.8 0.8 1.0 1.0) #f(0.0 1.0 0.0 0.0 0.84 0.84 1.0 1.0) #f(0.0 1.0 0.0 0.0 0.88 0.88 1.0 1.0) #f(0.0 1.0 0.0 0.0 0.92 0.92 1.0 1.0) #f(0.0 1.0 0.0 0.0 0.96 0.96 1.0 1.0) #f(0.0 1.0 0.0 0.0 1.0 1.0 1.0 1.0) #f(0.0 1.0 0.0 0.0 1.04 1.04 1.0 1.0) #f(0.0 1.0 0.0 0.0 1.08 1.08 1.0 1.0) #f(0.0 1.0 0.0 0.0 1.12 1.12 1.0 1.0) #f(0.0 1.0 0.0 0.0 1.16 1.16 1.0 1.0) #f(0.0 1.0 0.0 0.0 1.2 1.2 1.0 1.0) #f(0.0 1.0 0.0 0.0 1.24 1.24 1.0 1.0) #f(0.0 1.0 0.0 0.0 1.28 1.28 1.0 1.0) #f(0.0 1.0 0.0 0.0 1.32 1.32 1.0 1.0) #f(0.0 1.0 0.0 0.0 1.36 1.36 1.0 1.0) #f(0.0 1.0 0.0 0.0 1.4 1.4 1.0 1.0) #f(0.0 1.0 0.0 0.0 1.44 1.44 1.0 1.0) #f(0.0 1.0 0.0 0.0 1.48 1.48 1.0 1.0) #f(0.0 1.0 0.0 0.0 1.52 1.52 1.0 1.0) #f(0.0 1.0 0.0 0.0 1.56 1.56 1.0 1.0) #f(0.0 1.0 0.0 0.0 1.6 1.6 1.0 1.0) #f(0.0 1.0 0.0 0.0 1.64 1.64 1.0 1.0) #f(0.0 1.0 0.0 0.0 1.68 1.68 1.0 1.0) #f(0.0 1.0 0.0 0.0 1.72 1.72 1.0 1.0) #f(0.0 1.0 0.0 0.0 1.76 1.76 1.0 1.0) #f(0.0 1.0 0.0 0.0 1.8 1.8 1.0 1.0) #f(0.0 1.0 0.0 0.0 1.84 1.84 1.0 1.0) #f(0.0 1.0 0.0 0.0 1.88 1.88 1.0 1.0) #f(0.0 1.0 0.0 0.0 1.92 1.92 1.0 1.0) #f(0.0 1.0 0.0 0.0 1.96 1.96 1.0 1.0) #f(0.0 1.0 0.0 0.0 2.0 2.0 1.0 1.0)))
